383086 -385749 
385879 -382443 
11002 -10063 
-52094 47062 
21224 -16094 
1398 3283 
256219 -246871 
108629 -112739 
66422 -61352 
280496 -279307 
-5294 227 
-78756 71238 
160333 -162746 
2618 -1205 
208854 -209689 
76153 -74360 
370536 -374559 
164306 -172612 
73666 -78304 
78185 -84416 
140294 -135853 
473583 -469608 
47827 -48402 
173600 -173094 
-353795 356849 
97443 -94180 
4246 3432 
561395 -565233 
108689 -110793 
-54088 52176 
-62711 59949 
28693 -21191 
-2155 -1592 
14525 -18434 
-378853 377629 
270379 -266942 
104854 -102877 
-39460 33260 
24744 -14971 
46330 -39045 
54820 -51496 
7390 -10051 
-123576 121725 
-97603 98120 
4287 -9339 
37786 -39357 
7899 -6543 
114727 -113196 
106618 -116251 
250792 -247890 
-214629 214487 
-270965 267299 
99741 -107598 
268520 -262352 
-144143 143642 
35532 -42356 
112828 -107242 
625077 -621259 
105301 -110304 
-4961 752 
