-8562 -56656 -49330 -38177 -23944 -78347 90946 -4537 -30387 -48981 11862 57741 -70431 -1227 19605 -72791 -49808 -77359 -47348 87144 -46460 42254 63664 78221 82410 77328 -89446 -101499 -86902 3757 -61739 2457 74991 73315 37151 118405 71291 33540 14928 -55291 76121 74518 -15560 14427 -31843 82189 -105239 1589 -27634 -72077 
751 -93539 181247 -28135 1203 -48693 74127 -54854 90630 33720 -56163 39379 118794 -35913 111973 101549 100175 -12332 6060 -25220 137512 4161 2055 133859 43500 102190 -258531 -177328 26968 103616 -202841 -150469 -96442 70898 -104734 174600 -48272 32992 3300 -74536 951 35318 158973 -118002 -9923 35221 -71350 21900 31747 -70857 
-70529 37966 62090 -76130 -120135 -110885 -44658 -124471 -95886 -55129 -119346 -53382 44059 104349 -51355 -48599 -79690 69522 -62794 -96863 24458 51155 65266 45147 1504 74639 -127815 26784 11265 48163 -123303 -19055 -30364 90515 5815 89783 -15756 69691 75294 29124 19593 131142 -67606 33764 81049 68484 -37799 5723 77493 -68497 
-4894 49647 56925 -42966 -86508 24900 -24827 -141214 91571 -121412 -119354 4864 158394 149336 65169 131417 -30271 64608 153041 -25386 127617 118788 -62198 88977 -110873 78923 -209591 -136282 -70567 90991 -116198 13428 -83690 -3308 -114099 354301 1732 -2427 -8892 -55947 22563 116710 68839 62425 -76206 96029 -82028 113747 151312 -51746 
-6099 18845 173921 -156661 -122708 -22707 -65026 34333 -47407 -59834 -118085 -50760 105595 29414 70576 178330 28452 77933 38102 71176 89755 19969 -36893 97312 34242 51674 -42675 -60132 2228 116813 -143131 -25401 79952 -38164 -47159 151666 -89154 32764 76877 88206 -49182 17300 120195 -87198 -139689 -50908 -178422 108701 27064 -24707 
137026 -25218 163821 -114775 -95792 40528 20326 -10647 60145 -90045 -114681 -43840 65788 110430 79887 183889 42860 166199 186008 49447 79008 -24958 42084 189140 54200 -68068 -185081 -66364 -57836 120414 -61699 5618 48569 -107794 6703 272083 -122416 75562 -74716 41114 -30247 12470 144603 42550 -79310 23795 -20783 38767 4541 71543 
5975 -66000 91710 -5487 -48388 -120429 -79857 -148828 -97885 -59537 -112651 20099 98187 110557 105135 112938 -23372 -3237 56186 41962 -15471 9322 -12183 56061 -56417 -32140 -200725 -100357 -15471 22892 -120465 -120518 -26160 -87000 -123474 280327 -31680 46952 14932 -58519 114844 25069 -20180 -58669 48385 -43708 -173426 20041 113659 29764 
33985 68843 116352 -143191 -25869 -44680 -79 -5539 76367 -38858 -26125 55805 148087 28296 -2633 65288 104277 156692 407 21682 29460 -290 -31881 190306 -22927 -45364 -3704 -111664 -23860 17307 -97846 -145158 -29174 -102012 -77811 156971 -87469 90681 -92512 -25109 -67148 144462 7544 49429 -132271 82053 -45439 27528 -34218 -44856 
73009 -64387 32787 -170123 -111842 34320 73339 -39387 15643 -106167 -43255 47882 162449 33622 -33496 207278 165077 182235 137738 -100680 169620 -50478 -154057 208978 51999 94152 -279860 -166673 -54734 -6217 -240261 -167822 22793 -126275 -123259 323240 -62422 108297 6585 77159 48142 214214 187351 -5795 -131703 96304 -87213 106633 147609 13170 
10635 48174 -14771 -35568 -98246 -76321 -43272 34176 76327 -110861 -136181 -107106 178422 101644 56111 40871 -2789 146238 92181 -51891 158463 -38778 -92171 68986 54356 -81975 -168126 -159327 63973 61607 -99823 8728 67871 -36851 -3893 203230 -57383 -19595 39461 -4041 -73747 138900 20759 -65635 -109037 1810 -42137 98441 116350 57439 
115966 -98031 40463 -55909 -159764 -72131 77321 -142639 -23936 31272 -106572 49288 61919 -31981 73835 106806 -38571 149102 12614 55593 -2927 72959 16183 154664 -52112 -3991 -53991 -128888 -73511 -4414 -102843 -5834 -84648 -11235 57567 60103 -93713 14156 72900 68680 -2913 96815 100029 41882 -58416 100253 28727 -34926 -52490 -42129 
153019 60683 192118 -104355 -142428 -112443 32134 -142387 -44083 -144091 -131241 -112521 40422 27066 122012 94493 51479 48840 67784 19122 104528 51922 -108797 65024 -63687 8071 -224992 -36852 -59923 137004 -74155 -44089 -47560 75367 -70573 258976 3431 -18082 58136 62137 -20509 165290 168998 65200 6049 75102 -208980 37023 92049 -40701 
-58498 -63449 -3550 -129828 -123713 56805 67667 -14985 80381 2906 -28619 -108873 149873 90000 16763 71544 -51400 42078 3731 5577 -45516 64802 -8986 -18982 -79891 -70308 -56604 -103649 -67183 69180 -121490 -46308 20155 74837 -44877 65378 -66480 102850 -92150 17839 71628 9705 102306 72879 -45573 115736 -142258 3713 -32506 -95363 
23390 81382 64306 30779 -8152 -97933 78263 60294 24252 30612 -36702 10232 66685 51076 -69949 163090 58936 18700 130614 1349 -28528 -87128 -95188 68454 -40235 -69355 -152138 -111512 -31860 23711 -162523 36230 78944 -9348 22182 133228 -30780 -35261 -41331 7020 34901 13614 -5086 -19982 11330 -13727 -48254 5403 -40318 -108567 
138825 -88514 108162 -50943 -179428 -91190 -6181 -11680 17077 -2036 -77279 -88929 105738 48517 107051 216212 137563 8924 96286 -111021 29781 -13705 -135507 91032 19049 21132 -134152 -174604 90544 159209 -115191 -129504 -65654 -68422 -86005 247968 29927 96714 8110 41218 103831 41728 146209 -64260 -37483 -28619 -232907 62277 37622 51831 
110769 -99748 46213 -90349 -164129 -34028 5593 -110226 91884 -73710 -105184 24783 12708 6292 54155 113131 -59852 27287 -16093 -56262 72780 -7280 -80938 18364 55058 8521 -166938 -59389 -65442 88447 -44960 1534 65291 -59148 49757 221953 53464 -62942 -53590 49986 38178 111391 82994 -319 41675 102123 -136462 104954 72359 -109722 
-32478 -15442 106155 117501 -18339 -78729 -24209 -70793 18129 39022 -78033 -39368 203671 37842 82270 26820 32405 20980 -136354 56117 -105710 -156662 -94554 63187 -10539 -221282 -40885 -194617 45426 -28056 -147805 -75750 52824 64220 -85391 116672 -131583 -144717 -65307 -128485 -51514 69025 53228 13949 204372 -20582 -19059 -96097 -136707 -8022 
140953 20706 69407 -79737 -94320 4874 -97159 18402 52874 -39908 -118113 -86922 208186 78667 119315 140407 39408 58359 191341 -38296 101895 -46545 1699 74265 69483 88779 -226253 -97164 -11692 -38661 -215862 -107157 47011 -28127 42195 257572 50050 68318 93114 110879 27800 140446 29350 72591 -181523 48576 -203407 136676 33813 -62595 
-33170 -77089 188384 -76850 -68698 -128409 62916 -84785 -134814 4431 -39073 44111 100074 60102 103571 147428 -28249 16761 -11132 -61165 -35224 -50409 46614 105629 -77648 -104297 -89469 -175424 43545 -78257 -63737 -6427 39920 -30307 31776 156214 22061 -80155 26051 73562 16922 97452 129534 -83907 54226 -8103 -57982 -60119 25617 -88689 
47882 9474 78915 -86505 -119325 32119 -52499 4613 84957 -59011 -120086 -15305 117049 86137 66059 37969 90673 -3922 -25284 11323 103997 -3674 -84906 211743 -62153 -37801 -145886 -11660 -41405 107369 -87788 -102436 23845 -74819 -76450 278377 -77695 -35527 84796 68854 -719 27061 75983 -50326 -7904 -71237 -116426 89850 144418 23062 
6838 -80692 3606 65690 47657 1101 -84508 59548 -25297 -89321 6691 10702 815 37143 -49172 18801 -50519 45831 -43104 -90022 -12752 -82960 72695 126772 -97525 86102 2918 -93377 59810 -56534 16134 -20865 -94411 -58771 17395 132666 -101712 34 84535 -24710 55344 -59494 57147 -6805 -65768 -46833 40416 31998 -34082 7467 
-25177 -9551 28718 -26034 -153555 61138 -114104 -28918 16717 -63371 -103961 20494 37308 14884 -21053 38459 -67616 18148 -8670 10619 25992 -57986 -26093 87328 85434 6314 -162712 -73364 -26878 106740 -179783 -1897 27755 -110415 -107489 116506 20299 -16860 -22254 91138 -43372 120115 64386 -27818 -34737 2132 -50310 56303 46073 49849 
90211 -64618 251970 -264225 -265881 -86744 -110605 -111231 -20077 -199032 -113323 -69507 201257 92926 100089 176321 83769 123654 144997 -114084 235732 125783 -103648 396745 9577 63609 -259895 -281688 -50609 112208 -214338 -102167 -11362 -95276 -61887 423872 -113920 35533 134014 36067 -96781 131668 79321 -117455 -158900 220485 -157245 138754 187673 14970 
8245 -79144 82290 -109350 -8391 -4087 74928 16976 23559 -20371 -38614 -109482 54695 -39034 -63528 191284 -24862 49126 103098 -23139 148255 -63729 -87769 201337 64078 16095 -131043 -160062 82131 128002 -34299 -60956 83814 -79260 -102678 257786 -102738 49853 50274 -50370 -66119 134133 -28700 -54305 -122072 78328 -51366 60711 101912 57595 
24178 -38657 81574 -71325 -45410 1787 -87488 -77543 -74401 48853 -71164 40097 137401 -3958 78170 -4056 -63195 46994 33822 -96858 106859 31687 9660 142401 62050 27688 -171226 -131417 17551 -61879 -62113 9605 -82483 -98024 -54076 184582 -14306 109819 34839 37446 13949 80171 9784 -92405 52526 103701 -16025 -36275 -37425 -9528 
62615 73325 20847 -112730 -122462 15491 36565 39244 -33480 -27326 -27821 51252 157374 20152 5266 212436 -43759 56752 147546 -76740 157255 -47589 -80017 69889 37692 24034 -136869 -59971 38516 -39100 -74129 -94129 -73010 -23416 -97090 211394 -50863 67994 58645 -59684 -11945 145748 117163 -77984 -156625 54934 -57774 -64075 150427 -90897 
37696 -40529 106687 -10079 -61472 53034 -121692 -154300 83314 -53012 -69741 -121327 224272 -12602 7371 203912 22344 706 83688 22185 -1801 -53771 -26755 220478 -97044 49964 -61701 -193314 75619 21420 -60917 -26574 -28884 -51539 64535 248270 -134526 -10684 9831 -93840 -71049 31294 103 -98996 -94877 71138 -149976 -25799 -40969 -18901 
111139 -61612 161614 -12909 -126088 22418 51797 -153193 -69751 -81340 -111043 58232 121139 98461 64834 217981 -34964 131348 191503 64722 161658 94458 5651 214865 -63707 104375 -180795 -156890 70605 -47341 -124186 -15717 -79412 21096 46335 308902 -82147 20322 -21836 9451 67547 146041 -13174 -33674 -58462 36044 -139778 42539 198860 -84121 
-46748 53672 -352616 15584 189760 -79914 -61836 260694 70633 -63706 204492 148836 -332956 -75788 -27731 -261356 38428 -144699 4153 -6067 -140937 239972 -5166 -219419 27651 117269 138582 191394 122154 84721 314388 73368 -24509 -224195 266790 -354648 143638 22231 119152 107884 -71786 -36256 -173436 88797 -130828 191427 105052 14953 -10735 -96569 
8066 -92016 98488 -87962 55141 -76837 -73758 -61075 13516 -3688 70367 -65180 -33524 -6122 -46998 123722 52183 116718 -75541 -96735 95514 59345 54952 -49949 -33422 55232 37931 -32929 65625 73871 -68267 -88715 45521 -73146 -51796 -45246 -10281 -18698 8923 19828 52287 -46587 9264 -26130 -3465 -82659 -74906 -91594 -23479 32304 
-30313 91074 223360 6565 -177420 -196924 -48045 -233620 -163588 30783 -55300 -49535 202479 73950 33780 78931 11546 11863 115461 -12074 84573 -87927 -97454 198398 64790 -256804 -30262 -191844 17458 33157 -130372 -241905 121859 27288 -149093 404353 -112819 -42182 79072 -79912 109689 15945 110642 -74946 185256 -5541 -124206 -18159 135169 63782 
14292 56493 228423 -148739 -127854 -120824 -31512 -236 -9659 -81441 -158245 -157 163798 55660 54921 157902 -17446 200528 223600 30515 209271 -71093 -90041 218611 73552 4983 -162375 -199454 122852 -24169 -114927 -24304 -38702 -104287 11018 446714 -160564 124583 -33208 -54650 -7227 58510 129984 -108189 -142945 -17191 -229622 -6041 46827 -6619 
136558 27774 197411 -154376 -102747 -97508 -9692 -173376 -94596 -59910 -244524 -68994 265247 140099 155764 258879 45272 198136 182812 40526 4204 -21466 -189429 196650 -82555 33552 -120320 -218225 124245 42857 -338939 -109470 10953 52221 -45848 409362 -144012 67448 -47251 -1388 142417 260138 195681 -20003 -139837 122961 -225286 135666 182293 -73542 
41181 49639 14984 -68024 -65851 12530 -7900 -104220 -63034 2792 -44556 -40164 190949 113014 27562 143777 20505 46817 40756 59371 -36433 42404 -58201 77991 26691 -124844 -9324 -36703 77740 -45930 -160355 -52712 -20637 10721 1037 183214 -112000 -29979 72728 -86122 -11148 64110 120749 69731 61387 -20810 -14199 -70184 49479 -41346 
182301 -74717 205099 -214558 -169655 -83877 -126005 -12717 5775 -114061 -15159 -2013 250838 103937 104950 115687 83836 93534 70254 -8748 93945 -5514 -884 264780 31908 86812 -315838 -74515 -100522 151267 -212308 -160213 42112 -93398 -132700 315831 16407 121891 54316 31645 65890 106347 189407 20785 -80995 30706 -244028 -36044 204875 12498 
83251 64934 226928 -162382 -236117 50173 6663 -102224 -40761 43582 -123901 -102486 365562 64964 86674 266455 104518 123400 115991 9713 82817 35322 -83339 218454 -32072 -131930 -107635 -319017 -5181 19165 -317667 -207407 53091 54574 -95302 427287 -223109 -83719 -7828 -72336 9981 101634 147931 -41555 76480 -75710 -162546 95538 169955 -1864 
63410 71488 70734 -126754 -25006 -74076 -5463 -60019 -15275 27603 -88707 -2426 72487 -15352 -19072 61072 -47074 89407 -19110 -79105 128446 -15153 42797 83230 -10769 22835 -104373 -34413 33449 36517 -168930 -96574 -87706 74319 -51508 167877 -15444 27960 58064 30973 76509 75929 69209 72934 -78045 71356 23657 28933 -16538 -16527 
-39035 94411 5470 38214 -156351 35834 -109252 50443 -92900 -105149 -72104 -35717 -16530 95390 41684 54242 -12656 49013 -27838 80398 150371 -62609 -72482 129062 -73927 -87214 -65550 13799 100864 -67990 -45937 -85480 -24446 -47275 76718 115019 20530 39428 -8089 -77076 -25639 87974 83851 -28348 19434 37102 -29597 65237 -17389 342 
192010 39730 112732 -213457 -116263 -57363 -66691 -141486 90051 -135827 -158669 30125 83031 24333 59921 151957 95810 207794 61726 56927 166698 -2366 -42874 242243 -43993 -53315 -162740 -185653 69555 4683 -121357 -51498 -41630 -52071 -41018 374503 -159454 170025 53137 64860 48864 86516 108757 68197 -129272 96314 -247080 73639 66266 -135308 
104330 78801 109194 -147710 36857 -101356 -98412 -137364 -93899 9379 -30650 -41279 18580 5382 93409 176605 24654 71915 -50541 -51392 10342 -34225 -42194 68799 -83661 68881 -42253 -7904 -4448 -4850 -33433 40641 -22203 83754 67984 164288 18739 -78874 -20769 96624 -59006 120713 15266 3608 -48283 4536 -157244 27340 44681 -43002 
158402 -6306 83661 -179378 -97587 -29489 -67642 -3009 -54728 -28026 -107978 -143367 209346 -10928 61554 286574 2224 83913 172535 -32602 105988 -2848 -87500 203827 44499 -3201 -173230 -186475 38225 99869 -268542 -157780 -34905 52354 22019 294678 -68403 131682 62680 4831 -34043 184217 188587 -76600 -50448 5205 -142282 -38194 74052 -153088 
137667 10502 88177 -121295 -33337 68556 28790 -109196 22582 43952 39895 44433 122106 -45538 10795 39275 -38701 46251 58479 21479 68122 -11718 -63656 102360 -111132 82644 -128496 -145522 35886 124359 -89497 4848 -45964 -68287 -64959 194114 -40076 5543 -67070 -58294 20986 51402 40295 -64490 -82970 -1970 22327 41148 -2427 34256 
-161898 1369 -366979 -21061 142885 65187 123769 252349 74423 -135115 197419 142315 -477399 2606 -106122 -208421 -15710 -226270 151857 -11427 -185759 129007 5579 -173228 75509 258741 217770 238614 118572 -8697 306946 133418 -129092 -256734 255139 -513426 149824 89987 8994 17219 -52371 -101881 -184396 176029 -187031 55763 219385 6953 52584 -42148 
154356 -37277 66272 -64796 -102759 -138683 48955 -156149 -50718 -69792 -90680 51241 242357 163921 4063 75468 84663 126422 150310 -117812 124283 76452 -174967 69937 -92714 -9623 -231045 -128888 123163 92058 -103820 -177908 -106159 8694 -124812 237812 961 -24511 115803 48426 48272 34304 44090 -24600 -122767 143936 -161393 71292 187596 -82264 
29124 -26231 171111 -172529 -186438 -109997 -26844 -142867 98699 -103510 -95297 8576 138974 -41058 146203 50769 100166 118909 98229 -51942 198948 114226 -97479 151706 42294 -16007 -243650 -62084 -74 -24138 -226760 -26876 -54383 3949 22770 309799 -81634 114998 -10260 71568 -51264 34399 189945 -94052 -137236 104170 -88231 67239 71235 -78825 
-49497 -88824 132648 6457 -115718 -93101 6128 -62267 95424 -9010 -22653 67284 73656 -6052 -12502 136349 26729 92494 77170 -23120 33810 -38906 -46634 37739 -52750 94153 -155213 20609 74740 94061 -139687 -127820 -88656 -35757 61060 166197 -19939 -13234 -16520 62558 74041 31113 102709 86688 -38469 -7648 -12813 -61277 -8694 -23561 
-34619 18857 45240 21908 -100931 153981 140201 -29705 -88556 -65213 -11388 -30427 13175 -85665 -19787 22641 -1442 68274 -39858 45248 35345 -43621 -97500 -39294 -116475 21973 -158792 152627 -240719 -93165 -147215 95228 178762 302701 -227585 -67043 97123 -11207 -82074 -42350 23445 -58100 20722 4064 27637 -47434 79789 -14017 -77731 61368 
22378 30694 57880 31279 1312 3362 -102023 -63948 47074 7500 -88866 -57754 112855 104581 2223 25822 -62085 63084 102271 26441 10560 6435 -109936 -3614 -73934 -6356 -102084 -127203 85511 38590 -129616 -113821 -11480 15077 -38417 177740 50747 53374 -80546 44914 40199 -24313 134382 -120561 79669 104032 10898 59885 -41181 -89262 
122922 -101171 119942 -55857 18761 -79116 -40641 -133585 -78329 -43335 -1914 -37329 63642 63412 113255 5939 33995 -19812 -29917 7006 -13953 -10843 25884 130019 -75411 -59629 -2344 -158787 73529 99107 -174564 23014 69471 -44991 -95267 142310 -79871 -11459 -9999 102169 49793 52662 -5158 -30187 -118951 72197 -21104 41536 137565 -113373 
149492 24442 142203 -14096 -149921 24391 -26111 -54355 77587 -107458 -81666 8563 154201 140894 146224 164922 106242 26131 39453 -78319 138257 -58657 -51201 199298 65307 99483 -91011 -164614 -18054 44330 -113470 16874 -98063 21435 7288 328209 -95805 8178 56655 81279 -54911 57347 15262 13134 -173400 108045 -64802 100037 83015 -39515 
35217 -71686 35103 -83488 -2974 -97689 -121829 -49985 17043 -7522 -129013 -11417 151756 95347 113412 159824 98990 -22144 172551 -65132 147415 -2176 -53279 51938 35856 55655 -129653 -161680 38303 89205 -117463 -19486 -52680 -20928 -5920 180912 -72939 131086 87888 61088 -68132 34657 104326 85897 -38568 -57893 -121923 -2751 12080 -11721 
56917 36605 34481 -105945 -116008 -98661 -85454 -99195 -54742 -19072 -42475 -98314 12448 116031 3815 24697 58501 -5353 33531 -43403 161186 39407 -1586 21852 -21572 52785 -203072 -132724 5241 -51076 -101368 -81274 -71947 -55051 -73550 173163 -30977 105179 -62061 32840 57168 20554 144672 15538 -47083 63037 -97793 -35165 156143 33098 
-35416 54703 -91400 161662 76710 -46970 -85542 177515 32209 53008 -29165 -79312 -77572 37182 22873 -47876 -88132 -18130 -190765 61363 -143719 -148364 171958 -60304 -19065 -105320 291956 65138 166859 -94953 169500 -1489 -32122 -59060 49280 -174136 31083 -141083 46595 -68207 19279 -74305 -84234 -57759 271197 -115224 128940 -111911 -177941 -57639 
29846 -9167 88684 -18158 -3842 23657 26028 -72346 -105570 43643 28422 -106104 112083 -74040 24179 179570 -2423 20814 108535 -51010 116577 -61752 -76751 138933 -109070 -128894 18715 -47592 -62101 34944 -57031 37188 14905 60377 -131601 258310 11850 31213 -37727 56771 59339 27442 102334 -35398 55418 -20981 4871 -27174 80563 4931 
7706 68896 12327 35630 -74140 24770 62975 -55836 16832 -56648 -103335 84567 -28101 87683 67968 68262 31119 22824 112336 65215 40568 54037 -19388 149557 83815 -26762 -164131 7832 92284 -19032 -114444 -115309 8630 -35676 -46534 111273 -68843 122977 33619 -4869 -3800 24307 104551 57216 -8611 57470 -115525 -59633 13834 -108192 
-10915 -44565 42147 -48809 -61865 -133650 -130504 -64981 -71506 -90653 -72849 -9865 139956 47046 -25327 236087 32642 7679 2156 1375 13203 -81108 -32608 126272 88799 33211 -43422 -104667 33354 4347 -248841 -50631 7707 -120491 -51276 335866 -149319 -60915 -19897 87730 -84226 19299 -8120 -79229 -66774 19735 -117671 128500 126640 -23533 
59213 -70179 172132 -47755 -58445 -58256 -64025 -157754 -101598 59975 -30808 -104378 286687 128193 7550 277296 135425 125270 69562 -53821 23646 -22149 -141423 187640 -46617 -16426 -95063 -103162 110254 -56983 -254648 -106732 -26307 -104120 -26363 319951 -21397 20277 -103761 88935 41371 54103 96269 -11979 -21180 46541 -165212 -42733 60808 -85164 
96811 -91228 80384 -39053 -10673 9963 -102112 -40467 -86231 -51213 -1782 -14436 221995 37319 -25119 67935 91613 76314 -50904 -47977 89478 -24844 21763 115376 5164 -61688 -35343 -177630 45242 33124 -92224 -21568 71083 -15972 -83180 262232 -62336 -59175 74080 31652 -79423 -869 146991 -73500 -72203 69730 -123171 -45176 -29666 62480 
17981 11360 135112 -47625 -110303 68749 51114 -121655 37795 67928 -41254 41135 103659 86868 -9536 115358 102160 96434 81039 -78942 -7147 30973 -65409 86910 11830 88775 -52620 -187401 46308 -63264 -36237 29223 79399 -7783 4253 177392 -125627 99107 -93839 84376 96808 118632 168546 -107287 -146710 128561 -14043 91301 156053 46262 
44838 65247 19391 -620 19877 17701 -18781 -112569 -25786 -112144 -102199 -110591 -21002 -19815 89003 21889 -13696 132461 119 8836 72144 -67981 -88944 -2575 -61083 6330 -90218 28161 -68126 -45551 -135600 -124061 -8813 64124 4385 204970 -101650 90221 6535 -18832 -85217 55138 -2415 -90264 -74676 95460 -97472 -57277 40664 -49840 
64370 -30279 -41498 -203 -130581 -66278 -37308 -62556 86727 13728 -11888 -28414 -20669 -44269 65028 98218 -32265 118283 -51697 -73935 111723 -36137 -108896 130094 87949 -38434 36960 13917 -12808 66205 -97415 -28518 -87905 2527 -111874 111611 -114200 -38793 102424 75153 -97868 38271 -24456 -88433 18856 -34336 -34928 5792 -64353 -65171 
156633 -66989 80449 -144061 -164594 -3094 -32515 -45075 45114 -34796 -74229 11089 194177 -40654 112807 219367 129688 128405 -602 3865 17652 -61882 -60184 62384 -88339 66154 -99281 -186552 52843 38136 -102464 -91758 -67873 -4967 3368 260842 -56065 26664 19579 -57011 -1298 -7056 40457 67132 -127946 32664 -5720 56800 120377 29174 
70803 -69109 38099 29208 -50808 3155 41046 -132438 -98648 -6870 -39955 -72700 172852 -58366 107513 169754 16272 17949 -20462 66381 72420 21993 28951 18857 -94200 52963 -19495 -77579 95260 34022 -21740 21564 36196 -77343 55020 245111 -96989 -38362 -52518 -53171 -82068 -30504 -41306 -62428 -120023 -57864 2283 -50023 134882 85871 
80161 -16152 296862 -22099 -199674 -93942 -164102 -190269 22709 17339 -275999 -56957 265471 75661 145158 294451 158858 92083 213501 -25910 115234 -84060 -65933 197389 16881 -146825 -220595 -207547 132689 52562 -291515 -229254 -134583 -176098 -71622 401885 -146138 -33267 110329 -87171 62349 273548 111480 -47015 -3801 171108 -221062 26569 224504 -158713 
54101 -4015 157541 -38787 -55939 54959 -49891 54114 70807 -32430 -51608 -76323 161141 -25004 119288 74378 75003 34018 -24545 -32861 153956 -70447 -133961 118322 -81300 44089 -94608 23819 92428 -50896 -103629 -100168 -79746 -98910 -53215 83155 -22683 14289 -26077 61700 31126 9706 3063 46685 -45816 -11361 -104752 107010 157244 34503 
161323 -38583 283025 -3636 -182678 11986 -119020 -198298 39140 -61438 -40233 -79901 247795 -50401 50156 207872 26343 180960 -17534 25933 142190 11513 -52002 161334 -36100 -112425 -109224 -204383 -3065 34938 -240379 -107823 15249 62777 -189803 219936 -106234 50375 -30137 -36989 36425 33818 -1758 -146631 16781 -92765 -88870 -60033 -37218 14124 
-46011 -89450 125573 24185 43055 -39762 75648 -120208 -49557 105173 -86474 -87896 22925 -66782 33001 -8574 -104719 80950 -190948 -52302 -34179 -94432 12128 38546 65156 -59416 184565 -105577 -121 -6141 54152 -13699 -69090 64145 -42161 -26615 -103433 -79952 -93602 16279 -21899 -8507 88525 -24149 133907 -155620 -32484 -85955 -160256 -19720 
-77903 94176 20481 68966 59628 60981 30894 44098 -58411 -28802 80711 -94877 -6259 -50969 58064 -30452 75009 -69089 48233 5118 -93841 -10710 8959 85693 77646 -40002 -42973 -90059 -49771 81247 -37275 37097 22111 47580 28918 -19226 -103840 -88842 -83874 28085 26644 36061 80246 91953 88978 -53956 -74689 52669 50363 -33507 
2232 -6034 -976 -181173 -141864 -112834 57780 -158447 -84830 -109075 -149868 50912 128976 85600 -13190 152603 136590 92359 5864 2040 52974 -23788 -33358 46470 70424 -40972 -164640 -127886 -12575 -40115 -173906 -101894 11238 -10583 -80112 261577 -80459 -6745 -22330 67906 -50774 146785 20310 14038 -134310 111634 -157523 84008 191873 53980 
78530 -66265 52106 -96142 -111521 -56054 -121056 -89525 -52183 -127954 -30795 5995 171795 135925 107720 131063 73025 124338 115852 -67566 166755 21071 -26351 36022 16709 74414 -35497 -79513 77951 126976 -136072 -11082 57292 28869 -18372 78331 41188 117139 78874 -50722 -14304 59234 13710 73264 -21630 33999 -94693 -37967 35112 -16761 
144258 -58259 1594 -24972 -132183 -100865 70080 -32288 8552 -127296 -149204 -119302 60772 76931 115069 19035 -20634 160 56316 -37882 59620 99636 3327 144828 -97662 -87182 -66477 -161418 -65793 -53680 -75874 -76678 -60067 -8069 58825 181873 -40173 93818 -55108 -91457 -22482 139078 98556 -57429 39830 -18467 -122188 64938 -2611 -94493 
71713 -2568 8487 -58260 -140976 17058 -60345 -127752 67425 29701 -1429 -99409 128992 -5986 14800 80842 50749 -28187 170943 40904 80132 115218 4400 71189 -99942 -54814 -126114 -92346 -30136 -27075 -197433 37669 -60537 -37342 -54281 171074 26256 106354 108533 -29563 44457 117158 -18243 -49747 -74022 28568 -19824 34526 -11905 59999 
-33580 -2451 -56128 -48422 -108116 -71385 -56658 67039 -29554 73518 -15579 60985 -12731 49740 -28138 -71369 94813 -32299 81338 12393 101497 -17061 14363 -72773 64695 79767 60578 -31691 -93045 2891 -113768 -27895 5107 52767 -89911 107946 -98030 -2209 76825 62556 86337 -9245 60815 27904 39054 15583 43276 -54049 -74784 85670 
-40299 -89369 68944 -69577 -150101 44021 64639 -98571 42374 -19725 -71054 -58559 97382 95322 -27506 86546 -21433 73702 -1137 62439 103266 93451 -84144 134602 44350 11145 -167816 -86339 95254 23547 -1655 -37152 -67641 -99138 37885 142362 -6557 -20128 -19033 -49528 -99911 64113 86713 22497 -19976 52816 -58366 44166 59558 14905 
26358 79531 -426606 131528 82897 -138579 16104 302120 102784 -261401 90405 16049 -474617 -116129 -126320 -228624 63102 -182674 180678 35746 -164116 224315 49121 -141033 214503 170191 180188 200542 199715 173671 390629 175644 -286415 -320765 304692 -358645 194692 20589 182995 95811 -135943 -146530 -292639 210953 -189174 259388 -7278 -26666 116157 -61708 
71229 -3549 119185 -154582 -134705 -26921 6701 -22334 89068 -65131 -110386 72165 150272 -41962 31125 119405 -3276 70973 147285 45837 87695 88130 -109594 98298 -80571 83531 -167242 -27564 -59635 47516 -125012 -84323 -59784 56335 -53123 305608 -22820 163704 -62989 -5652 17236 22263 141995 60394 -75118 147666 -185277 -42329 80572 -34128 
-39741 59230 77518 29649 15953 87190 -69223 -98525 -19148 81357 8956 -94352 16783 -36659 -51196 124289 57024 -52718 121553 58154 -21060 33659 5189 54358 -28395 -45939 22006 -17760 78037 65347 12263 -27068 51940 -96091 -122934 180499 -62756 49401 1722 6582 -39764 104432 128736 19827 19010 51308 -67560 74342 -53735 62140 
20963 37830 183 -93003 -161200 82363 11721 -19227 58560 35760 -118243 72326 99585 105563 113306 131411 -19199 112193 24041 68790 5684 23773 -57226 143287 20311 -95000 -82729 -103895 -22783 -24812 -157319 -67986 26642 31421 -84434 159280 -94366 121244 86766 -36167 18002 97777 76607 -32453 -95246 50685 -91992 99697 72842 42199 
220863 17102 95367 -224194 -276133 -99197 -73757 -140657 66457 -15994 -123635 -100934 153020 27640 123735 196990 163624 64414 107530 -59611 200513 35852 -204281 198650 -115258 37049 -249322 -141534 122234 187492 -185801 -94214 -44438 -127951 -86109 464403 -117196 33131 84370 111065 87800 103207 210296 -74250 -198181 51287 -217626 -17181 187141 -4500 
129880 63820 310323 -68545 -189200 -79284 48577 -145510 -17640 -22326 -205842 -127501 229827 55790 26195 150099 60943 229821 84451 -123732 198434 -61982 -42677 245977 20288 -60206 -266247 -143602 -19944 42086 -299248 -30576 -77326 -46275 -8011 425614 -65865 61215 40217 -50680 -24748 181184 21244 -99149 -116923 65155 -208662 126213 48933 -108544 
76804 10572 103744 -188271 -62180 -40719 -95399 15648 -14783 -160771 464 48289 161621 106691 70257 55588 126043 146103 24470 -29217 53112 55591 27931 60358 -5224 27269 -254359 -23252 1542 46745 -201164 -583 -33357 -34615 34646 269227 40110 34783 -22430 30131 -8940 27544 71379 -8258 -20694 65897 -198121 45925 141854 59761 
139095 70854 149799 -79572 -131911 -13 -79229 -20063 69185 -87305 -147272 -32780 142527 -55042 81392 12601 46287 130706 34485 32298 63159 3719 32539 170038 32407 -4754 -195325 -7724 -100543 -32475 -208234 -136366 5517 -32 -17524 230265 38195 133203 -51481 -11213 43364 179620 106977 -25287 -118266 126874 -121059 132127 28140 76991 
144505 -61928 211265 -125740 -52043 -136465 -156260 -127382 27187 -22654 -92872 -127145 127064 82802 148263 129678 19196 189656 97426 -89540 95721 6977 -6313 229317 -58040 -6914 -241789 -149464 135949 89053 -113296 -150738 -64323 -108147 82819 387518 -29793 106753 20924 23506 -72120 227133 -9323 18511 7396 81956 -220482 131457 140774 18400 
40061 -38246 18772 11762 25859 7380 -53500 -6613 -8187 -79206 -68335 -67494 83970 105766 -53542 23577 72730 9070 114029 -87455 95386 -2839 -4728 131295 3155 -16616 -106300 -74316 -482 -29572 -52027 -89584 -2070 -79304 5435 88296 64788 -16285 -39377 33661 -5162 9553 103759 -24096 36016 -53111 -118591 -31758 70239 3327 
-58063 -30637 23087 -112776 -119662 -50374 -76477 1228 -92367 28337 -117986 -50153 86364 92223 48359 39711 61638 45967 65378 -88978 -14358 -75908 64177 -14921 30705 61652 -93286 -81401 -40871 116953 -125058 -63487 -21432 32086 58188 145131 -88499 29580 47144 -91600 84921 -42186 -34582 -8931 -27596 37135 -23699 84694 38636 -57112 
-40081 25761 92588 -31552 -104640 59187 55910 -25993 -26964 -44523 19265 118360 30064 -27903 67694 44503 39915 -27955 -27655 -28652 99798 30965 -82369 107521 -66643 100054 -113800 90085 -196744 23399 -43984 67614 -6896 61446 -64313 -9623 98764 -32958 56533 27960 48202 -40565 -24756 71459 -136038 21885 -105270 -49150 74713 30927 
98467 12400 201259 -82210 -74648 -97897 -131284 -85111 103954 -13830 -181616 -94674 102479 70392 38810 234074 113778 123454 208805 67997 49010 79862 -94783 107024 39121 71673 -180771 -33225 -33640 21885 -227459 -87012 -25104 11168 70232 344885 -76569 60787 -787 85993 26341 140269 144250 -47589 -40012 -11038 -214612 59847 168918 -69546 
105459 -40022 41471 14345 -157229 17455 -13347 30403 57414 34921 -16797 -6610 139666 91416 65900 115551 98132 126466 23996 76718 -19131 -67322 -67964 183138 10482 -43740 -135342 -106093 -39477 6388 -30226 -34948 -47166 14076 -67218 241654 19408 8933 62389 -28029 28914 65767 41994 28427 -72107 -50281 -112678 39817 -7490 66284 
39647 49236 168882 -59037 -122956 -5669 -15299 -100017 72270 -68609 -34021 -121991 196042 84585 107401 188662 121908 163079 57389 -134383 192070 9110 10958 112539 -31093 8190 -188810 -48033 -125504 73385 -255315 -18527 -29622 43667 -30066 277241 -2195 68704 126399 -17623 15045 107048 105384 -101511 -188803 45444 -199328 10461 103439 -142860 
69200 19811 -34404 -61888 -119993 218488 48148 -39527 -66374 28818 -4276 29917 93927 49359 -156036 -124862 36195 10846 -86459 -28752 -13090 70358 88452 71568 -71100 -2552 -162063 140020 -230946 -95929 -11434 -36159 97436 258867 -182202 -88246 -50011 15697 1843 -82935 41731 61805 28393 -92738 -18855 -77815 81524 -20109 -17878 71715 
100894 33865 69418 -156328 -130983 46288 -70211 9958 -39237 -10813 -45510 -70455 36711 31444 -39499 218128 -13347 175968 138940 -38799 155310 41714 -96097 108559 -20170 -85054 -165137 -103834 45048 145169 -106046 -92972 33120 1253 20828 268133 15061 125831 55344 -60861 96814 149102 42728 -44170 -169807 57781 -24996 121454 73226 -19071 
185044 -52702 170598 -100195 -132509 -408 55015 -145370 32332 -151546 -161654 47831 238120 55285 -1613 106736 19526 79249 159420 -23734 238887 30921 -102962 212256 -193659 92806 -287389 -105825 -173464 -21641 -297622 -148920 104108 -19540 -159668 426093 -167312 56316 -38554 33402 141566 188056 140119 -120967 -164560 72772 -221907 43568 108889 -143400 
57450 -26451 223440 -46237 -173357 -91025 -148060 -147359 -102406 -27395 -163766 -124234 278928 145360 80472 221505 52955 7094 132372 -115365 -41361 52172 -46873 197956 71613 -77791 -96763 -222165 134400 32165 -252062 -140673 51486 90369 -64951 254015 -177084 -62252 86734 -17944 82472 -26280 129724 -109584 83555 -70323 -73066 103575 22851 58748 
50797 83735 99595 -38268 -138801 12091 70306 -100755 75232 -35753 -97677 -94428 103267 34732 117124 194647 49180 -13889 65817 -64656 52207 37552 -114606 194449 -90130 56273 -193272 -155999 99630 79815 -143372 -127132 -3864 -2521 -127350 169592 -118181 -13705 -80172 13135 -83813 128250 62409 -77033 7058 54855 -110747 46672 156734 24946 
6906 -28794 134249 -15285 -123981 -85854 -21131 34571 58440 16288 -41981 -2041 24653 128262 -65254 77691 19330 -2829 -16011 -76929 -21006 19486 38014 109810 15100 -14015 -193641 -33907 56754 109287 -184995 -138214 -91104 -82071 -35794 174844 5235 29250 -35827 -7375 53236 -25441 -2848 3081 -91428 -63328 -5143 3056 6780 -25404 
5145 -84669 20537 22867 17105 -18652 -9071 -15209 -60705 -57890 -80138 32147 20434 -63742 -26321 28659 105540 22224 47800 -77469 70223 44006 40598 138322 -32637 -60836 -119833 -161106 -72381 98478 -142902 -18006 -17126 30734 -68836 227255 62503 56166 -60018 -14729 75211 -18024 60775 -70332 -118090 10650 -26911 53172 108907 60131 
114777 66458 -27599 -67095 -40011 20063 71979 -54229 -96133 -13099 -49979 -81762 -23756 54499 107269 122224 58953 -41245 130347 -105446 7694 47255 22378 82099 27447 -31854 -59177 -155206 -70654 -69987 -46381 -25195 10068 -66454 -111301 143706 55126 12259 -70303 -93140 71319 141315 -38336 -29740 -123176 -36982 -111195 55308 -3928 -79368 
3008 -81061 -463707 32083 207476 -167265 -85777 288139 118864 -238975 145534 -14510 -382331 -66402 7858 -112274 -10076 -288171 249125 25478 -301816 264851 116979 -297597 300422 275106 321149 221551 341603 -2796 405310 164031 -353029 -482031 245874 -307821 48664 -74459 152745 16978 7934 -128809 -295111 184602 -193009 220777 137106 -8872 175469 3426 
118937 -48697 151758 -138584 -28964 4871 -12623 24095 -23612 -49880 -51592 -20070 23417 107889 18561 57579 70555 -26449 71373 -2904 148229 -36043 21388 184189 71212 40849 -178295 -22009 75920 -54699 -184726 3841 84903 -118215 -88276 301184 -138789 96978 -58995 -44484 -86696 165857 78300 -35490 -80077 111321 -91261 42942 101861 -62561 
86415 -97886 43874 44602 66620 -13452 -32119 -119988 42460 9661 -17622 87173 52085 10224 20395 57251 42764 34590 -59720 -21204 63453 -66322 -56212 56629 65547 86455 -23113 53009 -67224 84630 -111411 -21244 -26330 -15231 -86309 46605 -51572 1552 29044 -76509 -59274 44048 106567 28525 83524 -82197 -76888 61262 -6667 -41670 
68913 -16472 310945 138463 -162544 -196006 -108584 -125584 -221944 218430 -197596 -179823 397578 -27904 175155 166416 -39836 135082 -78107 44338 101797 -140392 -55251 173117 46859 -331522 38322 -243682 219657 -75849 -182237 -295423 -34229 -15119 55477 446570 -98324 -56464 -99703 -87926 113439 84537 59945 -113315 162970 -130725 -115396 -90600 -112155 46535 
30669 86352 160530 12101 -35038 7937 23766 3256 -5776 -58223 -104297 18426 60529 2154 14588 79631 -71854 84588 92196 -25760 84729 8966 28637 14259 21683 21129 -45618 -111792 -91028 105333 -77943 -16021 21674 29138 33331 158382 -94372 16931 104053 -53768 -32696 39438 110326 -28260 -119067 -2364 -144674 60435 5157 -47467 
59274 7942 84295 -4616 -32971 -62216 -97363 -110529 83828 -144669 -136843 -42721 70931 -27047 123373 61455 4101 74678 14510 -42405 66065 1012 -148343 43404 -102421 53581 -112586 -69508 -64993 64331 -193592 -153553 13797 -26598 -134755 138943 -124470 114016 36529 36083 107161 18353 43381 37227 -104081 92526 -72067 61959 136400 -50424 
7270 -46177 100601 -88678 -37670 58824 -52216 -65179 -48004 24602 19669 46366 76332 109118 8957 53641 21233 -1717 -10889 48763 19203 -49893 5228 39364 -77185 51940 24320 -40010 -95711 69628 -87164 -77439 -50475 33530 -42250 101654 61995 23711 -21347 98975 -62250 16041 80254 -11722 -103527 76759 7818 55605 -31613 83078 
51681 -43888 73256 -13768 -185449 -3477 -38463 -89680 -11013 35573 -65311 23089 174500 -36942 64973 113872 57094 139796 52847 57787 181089 5000 -68827 161895 -90612 42381 -160799 -112373 62457 -17811 -232925 -161108 -34788 53054 45395 304602 -50658 -22476 -14150 74159 55925 76107 158154 24956 -114429 88771 -86472 87769 9201 -73376 
79772 97446 92519 12782 -3434 -19912 69595 22592 -81791 -25401 22051 -71943 81042 29681 104052 -8571 -28941 32241 -52007 -9535 115110 -24039 -106236 24374 14033 -123097 29675 -52859 -78694 82065 42805 17736 32613 110974 23315 16295 40615 82257 68820 83963 -25945 101299 64970 -28240 76975 -56541 -871 77249 79956 -24793 
57694 82416 284307 22458 -100980 -191695 -153918 1634 -121518 57976 -140862 -70044 154097 110880 13761 229767 14840 85360 78371 81125 -7006 -93041 -30146 124189 33538 -51459 -30342 -214306 142877 -50321 -294821 -161590 -61862 -21541 -69601 448621 -254347 -68102 58810 -38939 133613 214009 66550 -40480 114844 -57218 -65420 76313 -5197 -31029 
80451 71566 183742 -76583 -105421 -92760 3314 -160672 -7017 32654 -90895 47415 108928 80374 43661 95603 93890 -7712 -794 19961 45352 -96901 -88086 206499 -35537 3989 -14729 -55089 82385 -31598 -200273 16650 2102 -49992 -14720 228824 -36301 -50889 36344 89875 70203 159564 56048 15715 10328 19097 -117280 77272 65821 53414 
141608 95732 168540 36842 -42529 -92032 -113503 14372 -55200 -14709 -97735 37390 -15356 -66027 -4352 44154 82256 52804 -14618 33560 111038 71814 46012 5373 80879 -74933 -35755 -105853 50702 -55500 -9423 -141994 80308 40287 36664 227870 -89884 28265 91797 10012 39383 142870 -4422 -83661 13217 -18798 -2349 -32165 103346 -11157 
2701 67197 119097 -69942 3830 -75345 -34300 20189 -9780 -108828 -77156 80725 33571 -3180 -65926 117410 98648 -32898 2486 -21750 133336 45859 -4483 75191 -100758 -63810 19042 -64722 29691 110306 -152013 -113007 -16404 27768 -95253 230255 18576 20881 36159 -47396 37098 -42517 5164 -28099 5439 -32900 7727 -59596 79645 43480 
-11263 -28910 -376493 38585 251555 -52278 -59034 270961 97898 -309373 196710 148945 -346279 17256 -81520 -95850 111942 -248059 210121 -88785 -60850 307225 105604 -287258 120015 245846 125212 301544 2122 52226 426669 85675 -278494 -312834 328816 -422000 196106 51727 159769 24661 -46033 -108573 -264180 147728 -267768 238150 89087 -37738 126706 -23276 
45627 -25539 91463 -115728 37449 -106188 -41028 -82798 90265 60587 11092 -4850 165197 -22774 -42035 111591 -19268 -32416 154019 -58244 -4744 70193 45500 7316 -95807 35540 -82107 -142725 45250 47939 -19441 -94537 -9831 -106161 14991 222386 -106386 14150 -27499 -31522 18431 -17562 24676 -61555 -121208 -55231 -42418 95845 107711 -29706 
166675 -36510 240826 -79275 -118520 38686 -114037 -48548 -16806 -89023 -117768 -93449 153481 152126 20387 157166 -13606 106300 165707 66100 188873 9481 -202199 327126 -54929 64910 -268714 -287270 -8263 125676 -152146 -223330 -137025 -22368 68675 462124 -8009 -35770 -14596 79973 4818 98669 75574 -40323 -149361 21363 -103397 121197 93317 -113785 
62066 -90511 53916 -134573 -167479 -61522 -70460 -82682 3698 -149617 -105273 45017 102727 82620 78983 81159 111551 30403 108539 55271 69094 -76699 -18826 143820 -107998 -17746 -170240 -102954 122042 -47762 -243262 -54477 79046 -130001 -78188 363876 -74707 -2896 79671 40653 -53422 169093 169308 62832 7164 -949 -198143 -3646 26798 5183 
-57109 -65358 134921 -8343 -106073 90988 24786 30584 77247 -17957 48600 -494 141681 45151 35032 95776 42073 -35886 4663 63461 -43471 -95147 17638 83504 -19872 33509 -88556 -142314 54719 40509 -37142 -121296 -55661 -14421 29360 137916 -59065 -80935 84284 78125 -39110 84803 -9499 -17362 -54783 -52430 -29168 -44437 89031 -82993 
-25000 -3558 188110 -146607 -100503 -59687 -30100 -19416 -49854 -121466 -113782 -114884 99960 -51187 25422 111018 -58873 100495 134868 -15214 34653 -31908 -82832 131017 -37471 106770 -78655 -74813 27992 97079 -93670 -35959 -116981 -50223 21292 195099 43094 123159 49044 -82683 83882 101327 36668 -96021 -106040 134175 -139617 -61603 -8577 56696 
146886 -39144 145305 -127310 -54548 -7434 43988 -131771 -24474 -23039 796 -47215 204544 45285 77363 161264 -30679 61933 140972 93110 -38451 -1098 -68393 113094 3273 -107320 -78359 -153353 64550 101451 -155589 -110826 -22538 -125730 9909 207393 -101533 64049 28066 69997 95031 145464 54518 -86997 60558 -30007 -22845 -68963 89482 -39223 
40505 -38514 -2482 70577 -39231 52554 -77075 936 -66317 75880 -82737 -53931 74795 -56249 -26258 47338 -80104 129607 -46249 -15018 -20488 -86823 7559 138195 -22365 -9273 -17428 34343 57703 -15769 -6597 -43398 -58525 71781 -26808 115224 -43566 -96002 -108935 76785 -24590 15414 -16688 -76965 -59659 34350 26036 -69884 19404 52770 
183229 -39707 230384 -76904 -212264 29961 -59467 -88162 -52881 -65147 -39600 -95379 55146 47167 147804 107383 80947 15079 110611 -103818 168075 99402 7907 132228 7476 -14529 -150448 -106868 -68795 32883 -254345 23369 -33188 -50108 1320 323152 -97979 -33347 -30225 -35 -97730 156901 -14284 -98995 -184040 -46134 -52620 -16804 106321 -42865 
143425 -72556 180933 -200581 -215565 95786 52201 -93397 99338 -169896 -126690 -134404 186169 59657 -13675 246532 1955 260144 82173 -2679 167891 105393 -105886 205611 -72685 -41123 -190628 -34509 -55911 150230 -286307 -79019 61044 -9857 8183 249882 -72631 92013 18695 -9840 -41409 106195 174184 -12302 -230179 148647 -230156 49007 80193 27865 
91693 -65064 127596 -111941 -20611 -96531 -85463 -16998 -44238 -19610 -131563 -106616 -21867 43717 45062 55775 33368 115769 15727 -43365 100821 18424 57690 61616 75745 99350 -92356 -79678 -76671 -55100 -155747 -18847 -70966 18555 38020 158724 -5314 -71553 101779 9969 72617 161096 66777 -50546 -11459 91039 -52819 14327 97390 -15656 
39950 20760 125246 -16990 -6695 -37444 22388 -15038 95579 18239 26499 41439 125892 72717 9380 64020 42474 102482 206999 -18045 174468 -129 -28949 140220 -38621 29295 -190284 -167221 90337 95523 -208081 -129994 10527 37883 9379 258999 -135485 126706 50062 -27516 19883 9058 152487 -65944 -178875 60008 -197084 44241 102968 35211 
181381 -23766 159573 -55511 -68895 -70825 -23970 -42095 46789 -123352 -59283 29197 98170 71011 91849 172866 153957 221903 151773 8878 114145 38844 -53432 253804 31776 -64013 -274113 -170338 -4754 -58823 -215185 -170320 -44352 -40232 -54827 314302 16222 69243 16405 -632 -79911 216266 193211 3541 -163848 -44647 -195505 -47357 205867 56992 
-14407 -59769 6972 3076 26288 66530 -12681 -16685 50898 86865 30765 -83407 86684 97186 109104 165139 101358 23275 38888 -73179 43140 24452 36330 107705 29880 -48032 -162702 18616 -68001 41193 -66767 -114436 -32494 -101957 -28235 259080 34221 109888 4263 -44409 68103 107814 133745 18953 -91384 -15236 -25619 89172 -33307 -11847 
40060 60548 89753 -80069 -198626 -59033 -126519 -78492 -52543 -2034 -165407 -40989 236264 104623 146270 234443 143498 161672 99217 -87131 69119 -5794 -57145 273116 41494 23930 -94972 -170920 47286 154875 -168178 -152336 -98365 -80468 -106978 450955 -52776 73059 10231 -77678 -86146 106367 120888 -24988 -112253 116885 -95271 35161 113402 2787 
29611 -73308 88570 -28417 -86881 -30418 -74179 25713 89240 68497 -126444 20308 89283 64976 -53997 100490 42459 -53807 53774 9835 52797 45599 -75491 -28362 -69377 83955 42563 -140880 -43747 71349 -126733 -9076 5187 -39997 58473 74399 -119984 6659 34050 -48585 -24309 -52582 2482 -70824 3729 -33685 -124745 98010 -64659 62738 
98438 60267 10378 -119444 -129819 -1090 9140 1746 87363 57440 62294 -19005 46018 -7951 -43332 -14779 40590 83540 -12045 -79053 113864 44692 -110295 3438 -175 -50237 -68239 -132642 -58546 105140 -88114 -93625 8228 82489 -105877 37628 -116943 13171 28661 -17611 -41867 -20427 -22695 30171 -23350 86189 -41786 109043 53050 -3131 
26786 -36255 108915 36918 -47255 -45998 -100405 -113432 -69643 -15955 -27106 39510 111973 -15554 87487 179961 34349 149601 134179 60189 34364 1138 -70073 83311 -78965 -26654 13845 -56479 -57454 3878 -181234 -19775 -57440 49685 -45909 109792 61679 5758 -67049 43017 -82161 159822 143158 -43712 -110403 109623 -6211 -64749 26355 61931 
149530 -20118 31030 18956 -4107 -120767 -74700 -45814 35794 -140393 -58951 46906 180846 38561 44682 97488 43303 -9108 198406 35411 149808 14717 -506 144600 54604 8316 -155821 -122737 -46841 7053 -98393 -14856 76357 -24114 -28960 331342 -19578 34893 38030 2082 106322 199753 -25426 -111334 26564 -66840 -35683 -37373 121052 41968 
12293 15425 -23221 17802 61827 -59711 -86098 -65300 -28653 3582 74153 -32079 -23834 -75036 -3931 125924 -78359 17942 107173 -52619 37088 84815 -85356 118079 -90210 69935 -149764 15940 70573 76322 -45039 6507 -3379 -23089 2867 175680 32076 104379 -14338 -32769 27250 31851 -14784 -79993 -95387 -35592 -92875 -32044 -48020 -16044 
-54486 -93061 110752 -77675 -10917 92317 13950 77053 5615 73197 -37579 -6160 -16721 -48144 -36875 31479 -25805 41188 -40981 -27500 47142 -63382 17128 -25286 -58717 -85428 12950 -65835 -52548 101284 -95868 -29808 -90498 31474 -40644 18301 5723 81305 40671 -19090 28989 -32180 77203 62798 -43574 57927 -108518 -53871 77868 -10253 
69604 10121 128630 -48402 -143920 -79753 -93605 -96854 -68600 -58197 -62545 2694 -1474 37267 64675 -30889 37683 8923 375 75149 -54586 94788 31490 75664 17929 -86111 -127608 -150393 -48490 84111 1380 -14608 -72745 31459 85121 190911 -74719 57853 -13027 48958 -59968 -14564 41502 -65521 64035 10904 47687 55111 -57216 -20849 
122411 -69562 -11807 -69379 -21447 -124509 -41816 39577 80383 -57616 -77776 52686 187992 -48076 -17402 68310 17819 97536 60073 14892 94050 55441 -98179 73020 -55681 58666 -66573 -105890 70586 80904 -184773 -95653 37114 57886 53453 104935 16846 86202 -51671 72224 76488 117349 -13875 -33778 53117 81438 -152479 3906 105721 -81502 
2866 -63501 134626 -160072 -143651 39048 -94020 -17736 -60114 44157 -178260 49349 187829 118581 -30003 228526 16804 168489 -3835 22677 114941 -69854 -114604 212447 85277 -77126 -44099 -158653 157039 -3766 -254994 -150743 57788 7308 41105 324554 -36578 -24793 68448 13360 -40678 151502 82834 -393 54972 59001 -39674 98504 56875 -84096 
76039 -1038 170849 -167344 -101709 80083 -75268 -121393 -37828 -58632 -154921 46981 180803 3311 81867 251743 -5932 147096 230068 -33919 213615 75105 -183738 215232 -24469 -63376 -182264 -52362 63937 -38555 -186359 -143832 -87391 15887 18399 302904 25363 127929 12699 110878 -73399 223673 169747 68813 -143237 90586 -124710 45468 154519 58493 
64349 -38212 162916 -14633 -45754 -70542 -17441 -92406 17115 -84728 -13144 75955 94994 -62210 30745 92266 87463 151561 -32816 52721 125821 -60607 48590 89319 58462 -7686 -123185 -48113 -75780 -10704 -14139 7801 -21590 -84505 -107644 262691 -63852 110478 -46762 59634 37559 135057 143247 -5457 -103231 88645 -38521 113031 123049 50880 
261338 55830 95327 -242544 -232131 103628 -4125 -152419 12105 -254805 -16848 -19885 267608 67002 99932 201754 210298 181051 288120 -28234 234889 155762 -98318 329269 -25720 -20265 -311656 -172686 -58229 181271 -239429 -33480 38682 -104997 -121129 390161 -5041 94881 -46364 18576 -11455 253806 47804 40289 -156409 53611 -170114 133721 214596 11009 
40889 78961 142691 -124895 49553 -95630 78298 44908 -112624 52837 -129319 31073 -6572 754 8857 141798 -16701 -39169 -2639 -8551 -51456 -17146 39023 9142 74551 59480 -18847 -106361 71000 70805 -162667 -5404 -4081 32916 2366 204549 -112105 49807 40126 -4399 -22785 26257 138132 -7176 75855 69629 -86166 -87110 115030 59160 
14220 -23271 32624 -111228 -102964 57536 59813 -99528 -21927 -60936 -115120 -51921 196687 64645 109855 207136 62603 105616 101568 -29443 47915 58508 -27119 192589 59976 15549 -157676 -163284 98675 -1838 -245722 -145550 -116718 -38965 59488 195195 -157339 -41675 61916 83139 80894 164557 111341 27962 2703 -43701 -95874 81824 48933 2978 
-74666 -100503 37624 -45818 -86200 -13239 -8421 -77867 -72346 84105 43080 56832 -48893 -6537 68518 89868 11761 -6183 15658 15310 48724 -71301 -37340 44667 -21423 1201 11362 44844 71859 30965 -54669 -46179 -67932 -26305 -103321 149890 26019 62777 -29149 -91928 1816 14698 -36551 37817 -82144 30896 22345 -65389 -25894 -14000 
199278 57901 47014 -111369 -119376 -117334 -713 -13663 -17375 -72840 -208327 20767 57069 172156 69101 239214 -5047 73500 183556 -5988 77404 6854 -149930 211302 65473 86440 -200290 -211812 48048 90190 -144256 -18915 32864 -86546 36448 323845 -65549 149147 19818 19744 -31692 53895 116097 58832 -35332 154541 -90715 36278 234989 -125739 
138070 98592 47156 7176 -16005 -98900 -75087 44485 62714 -127586 -170036 -86069 3978 39696 20963 177426 -19921 64400 104692 19244 122486 83142 -129438 141211 -84055 34966 -183720 -158783 78308 -12162 -200061 -118384 -120447 -44395 -52462 313903 -70138 43461 24686 58439 -48636 168421 67885 -71638 -142232 15691 -41474 103405 33805 -29673 
124778 -10187 91728 20403 -25361 37875 75012 33347 -25455 -15590 -7589 -111809 -16619 5278 53981 80070 -6281 125324 54374 -76780 137572 -49030 53488 62916 -53024 -99417 24515 14715 54250 31999 -72442 -36797 21172 -2336 -5933 221976 -128891 78178 52117 82669 -164 45697 89571 42682 62317 -49650 28921 4863 -8675 20078 
165031 85108 116780 -83454 -90365 -70931 25696 -43709 -49073 5559 -37739 60498 37389 -13104 126584 184962 -32919 36936 20147 -68248 175263 -98249 -61500 192663 6933 70711 -200133 -17310 545 59139 -221242 -108539 -87753 -77358 -68792 151438 -150974 -54302 -68526 -13992 44393 80118 110944 -35639 60529 -27806 -143803 24251 88259 -99326 
69582 -18431 96262 25620 13622 -9258 5996 -118092 27646 -33015 -122419 -98577 83132 23838 9175 -6108 24025 104396 62315 -81166 33694 -27163 -103732 137755 -92773 40092 -30465 -20203 93043 -16351 -33502 38718 94482 62029 13132 190071 63264 51833 -91121 -56882 1124 76051 116073 53528 -31196 -55848 -128090 -37472 21361 239 
5421 79327 -29534 48117 -28715 -86964 -62308 50291 37030 12692 -63623 77767 100899 100167 40599 21234 10327 101735 14518 52056 32343 38335 70896 25711 56676 -37275 56275 -83468 -452 -46363 -47195 -33894 -27650 -28180 74347 40646 -86113 98292 -88085 -36689 76763 25078 15252 -38291 63196 12459 11305 14437 36777 74857 
93064 -102668 39296 19486 -28781 3390 -122268 -108345 -25719 94639 -127517 -123051 125008 105947 -53608 78919 45841 89341 -5524 59520 168191 -95576 -1775 189480 -109205 45910 -43321 -190104 53284 11379 -109054 10449 -74539 60335 -154859 271362 7861 -67418 19205 -93985 -41100 48193 166971 60008 59732 7433 -17247 70693 93404 12724 
61742 56125 95016 -85039 -141899 111697 -2234 -9405 -50537 -69767 15482 -75191 97880 -61151 96113 110135 61268 32310 16362 -79462 123571 67841 4632 -45313 34595 24280 -149265 -26894 -104720 -40551 -134232 -64008 15110 36473 -29809 -30288 89608 3596 125630 3605 16577 -46042 -47175 -24900 -145962 73497 -33118 12791 119775 -75267 
94647 -60603 51787 33123 -29733 -531 4878 -10094 -79136 -81443 -99147 65014 41543 -9350 64270 133660 -10380 95546 34615 29217 28764 23812 -96203 71149 -3931 78547 17659 -67810 -23259 67722 -26404 16844 -47229 -25112 39998 200793 -24326 -21839 9921 -86676 77969 41954 -21997 -96776 -62487 106734 24950 -38942 -16744 -31730 
266905 111291 78738 -32066 -149256 262573 239040 70973 178903 -260349 -116281 -5549 -55758 153221 -176943 139770 200099 287296 446558 -19323 2954 221685 41379 156377 -127036 295388 -269259 -133832 11511 152715 70585 49834 36442 -69830 -6282 165007 -269854 74416 197562 111139 83385 100886 -75317 99072 -131390 253706 -77132 185800 327837 -275093 
