50847 50170 1521 3540 1910 711 32286 9640 6444 35259 -1511 4603 15621 -2185 26185 8242 50808 24949 8700 7605 16635 60986 7758 23532 16792 15553 326 74515 7803 1811 3104 926 -44 -415 16084 36741 16867 700 -874 9643 6651 -1114 7815 5064 78 2806 -442 16877 14456 33864 8814 14246 13823 33456 6318 6995 8535 82724 15084 -185 
-2143 1961 -1090 455 1738 -1755 1041 -398 -3033 1019 2832 3724 1190 -2722 -75 -1161 1160 -2919 -856 -406 295 411 -1860 2247 17641 1042 -1805 197 -2284 1993 4949 -223 -1537 2028 19171 -810 3429 -1256 -1979 2913 -342 1999 8945 4616 -2961 -2906 611 -3798 2459 2532 8481 14455 1664 -551 8213 -1683 -2597 3019 2127 -1160 
11933 15533 -3455 8072 -1718 -316 9267 10137 4813 11742 1302 10061 10925 1086 10331 -216 15269 7277 767 241 15570 21276 5680 9322 47644 2267 -302 22671 8181 6400 9771 -799 -1576 2956 45678 13487 8138 2023 -3193 5404 -1666 2268 18270 9293 -738 2189 619 4030 7483 8756 23488 31230 -398 7512 19960 -5483 13267 23892 13566 381 
-63351 -62410 -2127 5275 -551 1450 -37241 -4680 -8422 -43857 -2962 6040 -11490 2674 -32534 -12204 -58948 -28621 -12891 -15047 -9821 -76068 -2906 -24398 22792 -18049 1659 -90105 -8231 -2398 3832 -5894 2777 337 22705 -40249 -15933 -2775 -1423 -6720 -9218 1783 7208 5730 665 -5135 642 -18437 -13668 -39503 13210 17167 -13606 -41077 12414 -4371 -5467 -97295 -7704 1279 
-49570 -48127 -1733 -2288 1563 569 -29358 -9617 -7192 -37888 -1007 -5692 -15343 2948 -23620 -6920 -50107 -19027 -7734 -7948 -18898 -58197 -5657 -24674 -20103 -11574 1338 -73813 -12087 -2554 -1274 277 976 -4615 -24132 -33078 -15118 596 101 -7153 -4128 -2788 -7522 -5825 2157 -5493 -299 -10930 -15750 -28483 -12627 -15860 -10109 -32322 -4625 -1791 -11973 -80695 -12701 -193 
10402 9504 2088 -437 -522 2064 4286 -7084 521 5613 -2867 1924 -15991 2351 6295 1747 4419 3016 1701 4010 -9250 12389 106 4701 6480 1866 864 13050 -8306 -228 1919 319 -923 839 10583 4031 3503 2169 1052 -549 2715 778 1331 3550 -1886 3765 3414 2024 5076 6063 7910 10779 2637 7310 3838 5260 -2864 10040 5345 1072 
101 859 1225 632 777 835 -2228 244 -3524 427 2750 4135 -3340 891 -1828 -332 -931 -1389 -2388 3132 -3061 1102 1673 -1746 7884 -799 -1167 2030 1567 -198 4130 1863 -224 -956 11576 1150 475 -1852 -2141 -1552 1694 43 947 -64 -1509 -1344 -2547 -312 1927 -1393 5085 7399 4543 3031 1209 3204 -2997 -941 -2623 -1019 
-5879 -8045 2217 -2884 1859 969 -3518 -9523 2101 -7160 2624 -3804 -11682 1496 -2215 -837 -8986 -1761 -1909 2533 -14314 -10649 -1865 -2860 -15291 81 -2674 -12176 -10970 1258 -3991 2402 346 346 -7536 -3478 -3436 -1369 -2675 -852 93 1625 -2185 -1834 1976 -1076 -1713 -256 -2903 -1772 -1072 -6338 -3588 -2554 -2828 1643 -11653 -13349 -4640 2862 
30309 28491 25 -1251 5597 2564 18631 -1917 4350 24001 -2009 -1803 -5677 -2697 16598 8194 29635 13984 8627 9755 -8252 40472 1286 15178 -17716 8737 2204 46079 -4731 -1879 -5446 4736 -1225 3425 -6745 20637 6325 1206 -1891 1449 7815 1374 -6387 -2428 3652 3022 -854 10980 6018 20008 454 -4214 5137 18599 -7282 7243 -1884 47061 4367 2818 
-69115 -68796 -768 932 -1017 3141 -45616 -6331 -6300 -49675 623 1280 -13311 475 -34120 -9454 -63798 -30539 -12932 -14420 -11821 -82063 -6145 -30915 6450 -19150 -2012 -99862 -10600 -4890 -87 -5187 1500 -1807 2145 -48455 -20046 -1574 -2872 -3716 -10524 -1753 3004 1659 -1827 -6535 -1218 -19671 -15988 -41447 1733 -1447 -17934 -45597 3023 -5618 -8013 -110306 -8968 555 
-18501 -23139 1796 -5863 1576 -397 -14390 -6978 -1451 -17909 2263 -8424 -12666 -153 -14150 -5800 -17280 -10002 -4802 -4195 -8207 -26480 -3599 -10186 -30471 -1819 -2987 -30726 -7716 -2081 -4356 -3175 -2268 -471 -28477 -16857 -5422 -2523 -331 -7340 -2377 1991 -12375 -8478 -2086 -4245 1593 -7776 -11368 -11317 -18353 -21639 -3151 -11660 -15347 1426 -9011 -35433 -6276 -67 
10978 7867 3396 -6126 -572 -2461 7273 40 -4751 9179 2699 -6435 2450 -1141 5714 4804 8392 3975 1800 3405 -480 10125 1796 1487 -23096 33 -1045 18018 -3408 -3493 -3508 1670 -2412 3059 -17022 4310 3056 -226 1077 -2825 2615 -1913 -7845 -3126 3514 -814 -2073 4902 -1739 8736 -9550 -14076 1699 7140 -9472 -68 -20 16698 -1284 -2962 
18687 17331 -5064 4422 404 2715 13730 7475 8945 11236 -2760 3885 5820 583 11876 2397 19467 5965 398 1666 17615 20377 5775 7008 28169 5962 -193 27905 5257 1896 3452 -2275 -2301 2853 31612 16572 9414 919 -4763 7858 3928 -2170 12788 10670 -402 -1390 -620 3598 7349 14137 17837 23186 1629 11714 12682 -2275 8960 28314 14642 -1197 
23296 22398 -280 4918 -2007 357 18046 1926 3008 19077 2732 1464 8007 2121 15304 5254 23905 8441 1971 6896 2896 25569 2263 12676 15962 7070 -1059 29957 -517 599 3483 2150 27 -795 18271 17665 8073 747 1638 5409 1289 -2894 5983 2759 2195 1707 2584 7019 8397 12716 11156 8787 8241 15407 9256 3284 1725 38169 -406 670 
8214 9353 -371 94 1201 398 5180 -140 -211 11013 -955 -3206 1162 -639 7079 -573 9271 2960 541 2809 4819 15379 889 1701 -8589 3416 2478 17060 -996 -3078 -3623 -1619 2088 -1220 -7440 5773 4444 -1675 293 3318 -662 2247 -43 -688 -2946 3729 824 1236 1355 4885 -935 -5782 1538 9547 -1339 -2488 2850 19927 5719 -1161 
53505 53472 -2366 620 3565 -1809 34705 13513 9248 39606 1790 4551 13971 2227 28867 6869 46877 20665 7936 8931 16353 65722 9355 26072 26761 10039 -2584 74037 11578 2730 5445 -773 2100 2328 29058 34940 13505 4141 -3081 6167 9098 2915 9412 9440 1113 5533 1803 12916 15727 30825 15269 20869 12806 33666 8975 4132 10568 82928 19372 -1740 
36011 37475 222 95 242 -421 26140 6604 3078 27570 2909 660 7426 800 22263 9212 38348 16730 6309 8833 6123 47667 5450 20601 9145 9468 2788 58444 6806 1267 -853 4317 926 -1117 13365 26068 13544 4017 -824 6927 4599 62 1124 441 -2647 2739 -1498 10757 12340 22963 7788 7551 9209 25373 2126 1162 5570 64956 6029 130 
30005 31546 -1149 6857 -240 -2585 23892 9940 5538 21860 -375 3984 8315 1259 18130 8399 34243 15723 7906 9109 12922 40542 4663 15291 31622 5145 -1684 47411 7194 2506 6631 -866 2023 2038 34303 20695 13520 1394 -1 7097 4952 1441 8359 10027 1423 5392 1293 8586 17237 21628 21737 21254 5020 21960 10879 729 8362 52691 12942 -1803 
77239 75336 -220 700 4199 10 50275 17539 6676 56235 1827 4415 24790 733 40769 16644 72662 34091 14953 12602 17403 91931 6958 34062 17914 19202 -1475 107001 13667 8872 1792 6815 2513 -486 29277 53541 21711 4761 2006 5995 12719 1137 11821 7133 2032 3807 -1942 21335 19970 45556 18377 18677 22283 52728 6648 6601 12160 123620 10823 531 
-17473 -13380 2587 -746 -3611 -456 -11424 -2826 2336 -11350 713 -903 -2002 -1511 -6023 -6662 -15937 -9209 112 -6602 -1891 -17321 -2045 -9559 2126 -3546 1034 -26043 702 -3104 -1565 -1696 1185 1569 4047 -12064 -5225 694 -1264 -3301 -2127 2439 -1514 1117 -1519 -1627 186 -7565 -3975 -13016 -423 1652 -7623 -13257 728 -2883 597 -26035 -2464 -3184 
56259 56743 -1290 -3248 2751 -1484 36582 15848 8838 41684 1754 -3593 18207 2410 29914 8832 53585 24679 11091 9614 17562 70243 8669 25350 -20563 11997 1901 85078 15238 1482 -3574 2114 743 3128 -23545 37510 14079 2359 3426 3164 7281 1602 -6364 -4898 2381 5538 -1439 13999 18835 39590 -12431 -18067 14089 38573 -6811 1254 15693 93427 9072 -1838 
52824 49620 -1450 -1756 5238 276 33153 4584 1402 38164 1117 -2643 6284 -714 25967 10079 47896 22691 11994 8236 4562 59835 2670 20489 -9980 13306 -486 70320 1217 1199 -3494 5440 -1214 2233 2150 35796 12521 -801 4973 6351 9259 934 -2419 115 2324 1871 207 14252 13860 30559 339 628 16378 33755 -3959 6112 6062 79630 6218 2476 
-26910 -29367 -981 -1761 -2810 -2460 -16366 -7837 -807 -17089 -479 -1257 -13587 -481 -13540 -6918 -26646 -8808 -6053 -8007 -7793 -33260 -778 -12470 167 -7844 -2925 -39925 -11117 -1110 2434 -2591 -414 -1340 5882 -16952 -6576 -2560 -3057 -3761 -2309 -2411 762 3172 1502 -2349 909 -4956 -4962 -20056 3558 5386 -3629 -14995 1692 -3700 -9455 -44744 -5334 -2227 
50826 49996 -1490 6069 1568 -1925 32342 16958 4782 36322 441 5478 24246 -3056 27724 7645 52617 25247 12808 10556 21730 64062 4266 24323 31350 8822 242 78504 15674 5981 7382 -585 1606 -914 23165 35160 18166 575 3042 7189 4121 -1289 7220 6628 -2420 8273 -1893 17742 21002 36515 10129 14740 9253 37495 15072 -287 11589 87197 13023 3318 
-9473 -8829 -2603 -1165 -3701 -419 -5932 -1231 -3115 -8382 600 -372 4791 -2185 -8397 -3968 -12181 -5703 -5071 -335 -1025 -11354 661 -3959 -9794 -5546 -2557 -15395 1160 134 -1483 378 2491 -3227 -12869 -7100 -4643 715 1828 -1548 794 -1745 -1805 -2803 2103 -2316 910 -6662 -4974 -5905 -9894 -13256 -5296 -7823 -6239 -2516 1376 -18572 -4380 967 
52974 58123 374 -5181 704 -2564 35214 2671 2766 42665 -2510 -5871 7681 -2018 30944 8290 55066 24818 12694 11933 3277 70033 3794 24672 -19658 11235 1439 83653 1645 5506 -3418 3295 2768 2040 -8468 42142 13142 -1030 2709 6276 6596 1178 -8586 -2222 1028 6249 -1385 18531 13710 39277 -7736 -8263 15846 41905 -9734 10921 3478 87775 4687 1754 
-99609 -95622 479 1516 -1369 3186 -64036 -19429 -10507 -71501 -3051 -665 -26825 1796 -52239 -17458 -95838 -44097 -18285 -18268 -24698 -120870 -10364 -43496 9706 -25648 2229 -141088 -17869 -3014 794 -7197 934 -4119 -6278 -66093 -28434 -4374 -2988 -14039 -15822 663 2082 1756 -60 -12631 1098 -29192 -32306 -63676 -3451 -4261 -23435 -66960 15 -6824 -15229 -158135 -17128 1371 
-19671 -21751 -929 -4620 -2776 -944 -12696 -7755 -8964 -13817 -1852 -9635 -13230 1610 -12212 -994 -24654 -6627 -1667 -6788 -13512 -29027 -6450 -12903 -38236 -3812 -215 -36686 -8800 -6494 -7183 -2270 -767 -741 -32878 -17041 -6306 -4623 2961 -7090 -630 -685 -15203 -5762 1341 -2963 -1674 -2854 -9979 -16442 -19075 -23766 -4731 -13667 -14079 97 -13497 -39712 -10876 2702 
-10173 -12816 154 6546 -448 258 -10171 3122 625 -7677 1932 2913 -153 -2060 -8848 -2620 -12228 -6478 -2149 -3818 1942 -15898 113 -6958 20790 -5555 244 -15744 1096 -839 3099 -662 -82 143 20890 -11530 -135 1527 -4154 -1378 -3431 43 6220 3476 -1455 1852 28 -6522 -707 -8548 15074 14567 -2271 -9625 9548 1563 2375 -20962 -562 -2116 
37104 38195 -2244 1080 -100 -565 22295 7575 3664 27294 2552 1860 8100 1812 19553 5965 36667 17544 10437 5426 6473 48241 5096 15659 -1657 11145 1200 57908 6652 2004 110 3049 1883 3864 -4970 28451 8341 -587 3482 2115 5126 -2444 905 1299 2106 6753 -2266 14301 10950 25930 -918 -5178 8754 24423 -598 2696 3359 64516 2849 -2764 
-48162 -48280 -166 -1670 -2443 -1597 -32747 -11345 -11762 -38304 -2187 -827 -11331 -252 -27891 -9610 -46867 -19872 -11266 -9561 -16225 -62781 -4125 -23606 -7356 -13640 -2519 -74505 -12478 -2999 -2849 266 -2420 -1999 -12977 -38199 -16628 -731 3847 -10249 -2630 -897 -1978 -1258 2930 -2233 -1675 -12257 -15079 -33238 -10534 -10039 -11727 -36837 -5090 826 -11738 -81791 -20383 835 
-13544 -12132 583 -2302 -2096 2655 -10244 -7159 -2691 -6168 1708 -4281 -7792 -2258 -6935 -1828 -9891 -4269 -4296 934 -12368 -17940 -137 -6472 -18164 -1695 321 -16802 -6606 1109 -3787 -697 -2320 2004 -18747 -11870 -853 2339 -1218 -2832 -3162 904 -5430 -6605 486 2033 -2963 1017 -5848 -8805 -10485 -13797 -4336 -7102 -5198 4022 -3818 -23806 -4052 1832 
-21609 -21992 1825 4050 -4319 221 -10921 -2348 -1319 -12203 -2439 5740 -6676 2598 -10410 -4408 -17140 -5884 -1150 -2253 -2789 -21648 -4998 -8710 15254 -3697 1007 -28947 1689 1581 3652 -3415 1309 -1016 19734 -15566 -6814 -1782 2252 -4063 -2544 -3233 4710 6678 153 -3277 2103 -9570 -1368 -10764 6828 12445 -8357 -13295 6891 -3390 33 -28818 -1449 -1669 
-27819 -28914 -2838 2739 -4320 433 -21245 -4544 -6292 -23546 -2663 856 -6121 1823 -16663 -3486 -27848 -14684 -3700 -7588 -5234 -36899 -5736 -11161 10841 -4494 -1161 -40559 -3578 2820 1613 -1826 -2192 2041 6009 -22307 -5495 3062 -1600 -1817 -3295 -537 2122 -903 -635 -4489 -1646 -12816 -8406 -20223 2897 6806 -8921 -18140 1306 -3492 -4786 -48903 -7811 3124 
-2000 692 3741 -981 2942 1666 -349 -4272 -2063 -3895 1336 -3679 -4670 -741 -1682 2262 519 -2152 515 1337 -9015 -1156 228 -2609 -16276 3004 1404 -705 -2075 1225 -915 3237 595 240 -8787 -2917 -3863 1577 -735 -3824 456 300 -3949 -2435 -278 1909 1835 -1115 -3592 -1669 -4923 -5467 5500 2199 -7042 1293 -3634 -5339 929 697 
85800 89902 -3908 3043 2498 2073 55536 31876 14173 64978 2453 8759 39906 -2378 50020 13797 86401 35442 19678 14759 41911 104561 12931 42682 39831 18130 -915 127346 24741 3142 5184 377 -2854 2044 28751 59162 24280 3681 -718 10409 10193 4419 14656 7495 -1103 11509 867 22604 27365 54438 15605 20850 17726 61490 13504 1194 30487 143184 25758 -2638 
-113 -6932 3569 -7863 -2882 1050 -2221 -3346 -5915 -1867 1090 -10492 660 341 -4173 2659 -2872 -3768 -1085 1423 -6192 -5326 -2591 -5046 -51332 1741 2551 -7435 -2188 -8636 -10212 -204 -411 -535 -56415 -4920 -1388 -580 563 -2182 2934 2921 -18045 -14791 -730 1911 -781 2043 -5929 -2620 -34781 -36879 3542 -5166 -20474 2315 -4738 -9924 -6725 -1571 
45959 45764 -1420 -1716 3050 -1941 32172 9150 7192 33034 -2774 -6582 14444 1669 24828 9530 47345 19773 9229 12234 9574 59638 3466 17935 -24548 12564 -2243 69350 5982 2655 -7145 5294 -1957 3908 -21174 30265 11941 -1046 123 1917 6563 2823 -4423 -3188 1884 6087 3329 16723 14912 32327 -10932 -14975 9864 32567 -8809 6817 9147 74291 8723 446 
22077 27028 1552 4389 1105 2236 13509 8202 2201 20515 -2236 2890 8116 51 14301 5728 22307 7931 2962 3756 8999 27975 2481 12329 15532 7455 1368 38469 5379 2179 3711 3442 649 -1714 15154 16873 5009 4235 -143 1606 6830 2004 4391 2311 854 -528 -780 7521 6965 18297 3991 7400 8532 14176 6587 5088 1578 39836 2683 411 
21253 21721 3148 -3328 3722 -2704 15727 1318 1721 14060 1052 2038 6582 -817 14267 7077 19815 8976 3139 4629 2529 23584 3622 10806 -5870 5520 521 32175 4256 3359 246 -901 -2128 -1753 -1977 16486 3116 -1320 872 2989 2559 -1831 997 -3357 452 3047 1513 6838 4234 15414 578 35 7752 17376 931 6260 4856 30743 5601 1011 
-2614 -2316 991 5239 537 600 -141 2429 1370 -4421 2214 6129 1166 -414 -528 -1998 50 1558 -3427 -1489 7219 -6284 -1612 106 25901 1707 2422 -5470 5009 1094 4218 -1179 -2340 -355 27565 -2789 1557 3850 2409 1991 -1518 -2097 10658 7573 -1311 208 -2449 -268 -4079 1543 17701 17410 -155 -2955 10500 -2478 718 -2019 -652 1567 
40671 39426 -3211 109 3153 1740 25659 7836 7430 27774 -1540 5878 12023 -2915 22397 6948 36828 17024 9150 5278 11188 47415 4005 18277 11946 8833 -591 55483 10970 906 1032 756 942 3440 15635 25200 12850 -854 2303 3369 6187 2339 3966 4390 2994 1597 2652 9658 13238 26320 11451 10458 9059 28938 2488 2743 9556 62734 9887 -1261 
23299 22775 1303 757 -2539 -108 14855 9304 4197 16586 358 -3031 7382 815 12208 6284 16751 10644 3870 4762 6532 27532 -648 8528 3170 1968 -2608 30226 7639 2774 -2768 -872 1276 2406 -7232 13362 4039 -1835 -2166 -789 245 2873 -491 -4865 -92 5114 -2472 2544 10562 10675 -2932 -4779 5634 14653 2483 -456 8599 29900 914 2557 
7883 9718 -1898 -2671 2726 1370 6428 286 -1887 9568 -1579 -1084 2310 2810 6133 -135 9440 2490 2723 -872 1176 13631 -2595 5663 -10208 5212 697 15863 2276 -1621 -4002 202 274 -218 -13816 4913 -1091 2297 3410 1600 4749 2281 -3810 -4696 2838 1515 1010 524 1360 5806 -5139 -8738 3458 4573 -2482 1452 -743 16328 -2497 1268 
-95075 -89440 -2998 9179 -4216 -1778 -61019 -10702 -8255 -65195 2866 11024 -20074 1541 -46965 -21790 -90729 -42133 -15648 -22503 -11825 -113795 -10044 -38896 49838 -23401 -2518 -134607 -12449 567 6870 -5837 1968 -2601 34700 -64426 -25692 -1755 -2553 -8301 -12913 693 14428 11797 -922 -7515 -1118 -30142 -27763 -57508 20929 26945 -27104 -63215 20195 -9371 -8903 -149914 -15525 2530 
54673 57876 3925 -599 178 -293 33251 12422 4790 39839 -1014 -1517 13739 3396 31405 12458 52787 26463 11446 14844 8073 65143 1969 24802 -3203 12592 782 80595 9745 932 -2484 1930 1849 629 -5 40982 12613 4404 1638 5522 10385 -1572 -336 -36 373 5869 583 20537 18854 33609 831 -1301 16838 36860 -3167 5254 10801 91215 2432 -537 
-51160 -51663 -2603 -625 1316 3311 -34948 -10602 -7492 -37557 -408 -925 -18401 1540 -29354 -6836 -48896 -24674 -10454 -11324 -15250 -64366 -5712 -23833 -10328 -11426 305 -76329 -8881 -4913 -1612 -3540 -131 -1382 -10999 -36140 -15576 -1524 -668 -8564 -9887 582 -1754 1252 -1837 -3662 855 -13715 -16996 -35282 -4864 -2802 -13312 -36339 -5000 -2256 -13529 -80520 -8593 2380 
36703 34661 -1545 -2117 883 1310 25421 1767 1397 26943 -2389 147 2899 -2103 22124 5018 32492 17327 7210 10005 3982 45584 2343 14377 4882 10143 -2527 51188 1310 3568 2899 193 1294 -249 8654 25938 10845 3532 514 2785 6256 2187 452 1445 1829 4908 1857 9814 8156 22779 4145 6827 10782 26159 3528 6651 3703 61386 6543 459 
71460 71665 224 2009 -156 -963 47049 11704 4304 51588 1120 -1172 15641 371 40111 13691 65891 26851 15403 15862 15845 88308 3793 29444 5862 14929 -1999 103794 8557 3954 1595 659 -2285 1359 7923 48414 21102 459 2501 6384 7558 1809 6414 -342 2079 6436 1515 19078 22132 43363 6842 3994 18923 47646 4558 6055 11286 113754 4075 2350 
-18136 -18807 928 -1279 -409 -751 -8578 -1747 -5125 -13465 -2791 -6365 538 -2078 -10442 -2719 -16520 -7618 -1731 -6649 -5343 -23923 -4665 -7508 -26151 -4555 1591 -24261 482 -1608 -3739 1187 3130 2453 -28979 -14168 -6132 -1259 -1278 -5453 -944 -2502 -10999 -9790 -2098 -417 -2689 -6943 -7195 -12236 -15813 -20475 -1693 -11040 -7999 -2872 -734 -26767 -29 -7 
41866 48679 2506 -266 2929 1082 28422 -12426 7579 31362 2071 -2235 -14360 2255 25693 6215 47132 16513 9031 8900 -11317 55615 5585 18342 -19389 10812 -2171 68658 -8194 -5906 -1474 5294 1356 1985 -24190 31367 10957 -4960 -1254 3602 4298 1155 -7332 -7145 -1444 5917 1350 14452 5903 28412 -12982 -20026 9576 34385 -9838 4843 -6600 72391 13000 -1412 
-4571 -4213 74 464 -1260 2820 -5225 -12240 292 -2201 2744 4275 -16669 2424 -2593 -1789 -6036 -3520 990 -2076 -13599 -4681 1684 55 5349 -1843 -2955 -5469 -9755 -2785 1758 1183 -2939 2730 -211 -2009 -4652 -2640 492 -4506 1813 -1502 196 -2068 -457 1176 -151 -1468 -6701 -4483 -637 3856 -4902 -1373 4026 2208 -11684 -6096 1707 1445 
102287 99904 -2525 -20383 5344 -2676 64375 22295 11568 71125 -937 -27937 30740 1434 57631 17423 100602 43518 19947 22094 27007 120136 12222 44910 -132939 27314 2262 148822 17777 -25383 -25142 4580 -984 2096 -148163 73375 26950 -13061 5215 12403 15759 -352 -45338 -39053 2127 9954 4158 32578 28065 68192 -85501 -106846 26952 72625 -55868 7951 19601 161065 21875 -3165 
-37309 -43424 1335 640 -2107 1984 -27502 -11853 -4824 -29649 1210 2542 -17804 273 -22428 -5962 -41147 -17567 -8300 -6439 -14061 -50959 -6627 -19934 25854 -11659 2715 -62203 -11038 6030 4811 -2211 525 -4285 29046 -27262 -10884 41 -4763 -5224 -6294 -2013 7134 6321 -590 -5252 1890 -9654 -13367 -28620 18623 17949 -7477 -26562 11060 -6986 -9546 -65133 -10001 1523 
-71581 -72805 -1495 8131 -5681 -1675 -49347 -7183 -11087 -54327 2567 16872 -10777 1590 -42152 -13700 -71320 -30280 -15485 -14107 -10386 -91943 -4923 -33034 62741 -16807 -1613 -108608 -10837 13969 11838 -4118 2894 -1432 78949 -50114 -18518 10816 -3243 -5024 -12767 516 23013 17875 -3150 -5691 -2042 -20280 -21946 -49485 45163 58179 -20715 -52988 24101 -8771 -10349 -119684 -14969 -1742 
-13045 -7543 834 -371 -107 -1041 -4483 -30959 559 -6255 -1666 -5975 -43461 2563 -3144 -3393 -10845 -761 -1680 -271 -35559 -11545 -1968 -1854 -17264 -2903 2367 -8465 -29075 -8675 -1496 -2463 -457 -1040 -31175 -7290 -4060 -5160 -4725 -5155 -138 -1583 -7174 -5974 2778 -4324 -1067 -3049 -9757 -3239 -15028 -22263 -3107 -4206 -10565 -1573 -28915 -13699 -2534 -2901 
-17223 -15273 1560 -819 3586 -2473 -9912 -27049 -2811 -7687 994 913 -42911 1879 -5497 -2652 -13966 -6059 -1247 -3482 -31486 -22043 753 -4698 440 -8175 1016 -17516 -29992 -1091 1227 796 -1816 -1326 -10061 -7781 -8470 -2519 -3479 -2166 256 -51 -95 -2627 3014 -2916 483 -4339 -13484 -9062 -5432 -9043 -8382 -9231 2477 3414 -28233 -20237 -1524 -1492 
-67393 -63402 2777 10670 1070 2189 -39315 -24565 -3942 -48559 599 22807 -36939 -551 -33815 -15153 -61098 -31193 -12098 -14869 -33380 -81858 -7879 -27178 96110 -14150 2890 -96279 -23398 14623 13493 -2893 -2246 -3854 99674 -47990 -17148 12035 -1767 -10427 -7885 -3349 34723 24529 -225 -3695 -3525 -16586 -21590 -42639 56124 70280 -18469 -44237 38663 -2981 -21409 -106488 -10090 1111 
-18916 -15850 3825 3958 2141 2935 -7863 -23026 1173 -13976 -1663 4288 -33733 -2072 -10810 -1782 -16492 -5124 -4336 -827 -26849 -21000 -3603 -5801 31536 -5448 -766 -23301 -21623 2170 3163 -3160 2373 2016 27530 -12138 -4746 398 -1310 -5459 -1624 -1741 8485 8430 1011 -542 -1075 -3548 -12775 -10572 13344 19313 -7434 -9639 13852 -541 -23097 -27380 -5353 1680 
1030 -1090 -2232 -7618 -4919 502 1383 20588 -2548 -1534 2679 -11159 24771 22 -2159 1688 135 1968 -1558 -2495 24652 -868 -3563 -3680 -57912 1835 2355 -5046 21462 -8962 -7612 -973 1360 -1509 -49373 -4202 -6 -6698 380 4108 -3155 3667 -19622 -12277 -3011 -3345 -1358 -567 5235 -1434 -27381 -35372 3662 -4937 -19752 -1073 20561 -4828 -3899 -148 
-60568 -61966 -535 6117 -4326 155 -42119 -5258 -8475 -46918 3270 11460 -9261 1355 -36087 -14941 -57121 -24555 -13440 -15339 -7324 -77349 -7596 -24707 58355 -14837 -1235 -89475 -6254 9391 11836 -6563 891 -1224 67192 -44948 -18005 8879 61 -4357 -9835 -2720 19846 15617 1836 -2851 -90 -16107 -14946 -40052 38085 47872 -18307 -40165 25593 -3233 -8186 -100410 -11296 -1884 
-25331 -25983 -1808 5542 -2425 425 -17677 -8236 -3137 -18904 21 7429 -6145 -1970 -15214 -6793 -23718 -12908 -3714 -5093 -9149 -33673 -623 -10597 25417 -5770 899 -37129 -3558 2330 5736 910 -998 -2855 25992 -15308 -5425 4709 -334 -3347 -5615 743 9326 8971 2348 -251 -425 -8861 -4849 -18258 13887 17457 -6316 -14777 9694 -5509 -3669 -38420 -3808 2136 
115972 114998 -1060 -18718 2527 1952 75943 39515 15368 83385 -1810 -26071 53036 -749 61118 23734 110680 47935 20122 24969 45186 139906 12353 54408 -136333 29852 -1944 167767 36820 -19737 -25793 8167 -1039 2771 -144170 77116 33909 -16538 4150 16178 14227 908 -48882 -37327 -1402 12034 541 35234 36824 72994 -83090 -102526 34782 75639 -53337 11705 38876 185232 22677 -474 
27477 28777 2662 -4805 2003 -2196 19843 -7226 5739 17158 211 -1233 -10868 -2675 12017 4775 28441 9467 5761 5389 -9382 34497 4651 13318 -22040 8312 2025 41931 -4404 -1455 -3166 3005 2347 1031 -25537 17060 2999 -296 -2545 806 919 2628 -8092 -4624 3167 1338 3284 8829 3381 19249 -16642 -16657 5651 17818 -7285 6014 -2740 46069 4879 2224 
33940 29164 434 -3945 -157 2150 17729 23444 3388 21049 -1716 -6407 41766 2757 18873 6209 29604 15990 5966 7416 33119 39736 2531 16740 -24121 9592 2229 48300 27933 -480 -4322 -326 -1007 3168 -23947 22732 13531 -2294 4094 7596 3312 2479 -6954 -3862 1463 6413 -1810 7667 14546 23323 -14599 -12855 7846 20086 -9781 944 26057 51936 8635 2359 
85143 90476 819 -13040 5383 -204 59807 14997 10881 62784 -2424 -14056 18563 -199 49269 19649 87884 36383 20037 15774 20451 107214 7065 41736 -70465 22511 -944 127090 13150 -14672 -9661 6479 167 6653 -83022 58285 23196 -5854 1420 10322 12735 2609 -25262 -21094 3792 7881 3195 28493 24135 57623 -45462 -60825 24207 63785 -29275 10937 12009 144957 22191 -3701 
21330 18722 2444 2721 -361 903 12833 -12327 4158 17098 -2933 2722 -14627 -1182 14064 3609 20774 9963 4684 6556 -14842 21579 2943 6829 3977 3017 915 27348 -12489 -446 -1458 2465 1981 -1111 -762 12826 3973 428 -3709 443 5780 -290 234 -4152 -1898 -1206 719 3980 1822 13762 -1414 299 4788 14189 2406 5882 -11101 32956 7387 -2539 
61769 67984 4658 -10485 2563 -2951 44656 -11399 11378 49746 -1558 -14549 -15811 -82 34373 14131 63618 31369 11565 12276 -7787 78023 8620 28924 -75176 15108 -249 98769 -11633 -10900 -11171 6448 1471 5010 -89735 46129 12716 -10925 -296 2166 9933 1779 -27300 -26430 2453 5939 2326 21679 12674 42514 -51707 -65529 14102 44145 -29442 9505 -10823 104536 14531 -1688 
18815 23292 482 6704 6413 -2588 17380 -31432 6502 17987 -2425 6724 -42495 635 10710 260 21493 8726 6220 7995 -37523 26179 2247 11552 37259 4478 -946 36271 -30612 2482 8469 997 -2940 3118 32754 17856 2273 829 -5166 -5859 1461 -1432 14304 7247 1024 2304 -980 9253 -6813 16116 14194 19460 425 19945 18688 6704 -30066 40872 10749 -2278 
-8623 -6803 2097 2452 -1519 -1560 -4557 -2591 -2922 -6867 -643 1714 -2125 2728 -4033 1043 -5979 -5232 -815 -2232 -1013 -7060 -516 -990 2993 211 2137 -9829 -307 2200 135 -2815 1926 -332 1398 -3241 -2846 476 431 977 -1116 923 -959 2163 2758 1599 2644 -662 -4331 -4003 569 2539 18 -1687 524 -153 1584 -11748 481 2876 
59661 64643 -2647 -7032 2458 -993 41638 17192 9524 47243 -2188 -13365 29908 956 36594 10573 63024 30922 10768 11737 21140 80283 8397 30265 -66651 14959 1859 94523 17185 -9361 -9144 3744 107 360 -77718 44835 17010 -7178 4528 6063 10971 -874 -24201 -19539 3061 4965 -556 20640 20791 41305 -40939 -50552 14355 44329 -27904 4707 17211 101565 15318 775 
-20977 -20386 3286 11872 79 -1749 -9140 -19855 -441 -15145 991 14697 -34935 128 -8288 -3248 -20204 -5665 -887 -2603 -25666 -26482 -2786 -11012 69078 -4779 -2030 -24109 -20080 12616 12161 -1354 1368 -1811 64482 -13258 -6197 3040 -2623 -3767 -3999 1334 24301 16828 -2874 -2612 -3161 -1395 -11103 -11092 38041 47227 -6500 -14909 29764 -1361 -24636 -29200 1152 1015 
-30895 -33105 3250 3544 -1932 -1836 -20781 -14328 -4046 -21629 2073 5653 -21221 2223 -21442 -8807 -32202 -17889 -8689 -7802 -20787 -40541 -2761 -16342 28855 -9541 -13 -47061 -15472 2560 3211 893 -563 -1237 29059 -26543 -13767 1983 -4346 -4969 -5855 -3012 9324 4112 -2224 -3405 2683 -12944 -10865 -21229 14023 22235 -5950 -23167 11554 -1889 -16194 -56642 -6627 -695 
98240 97483 3706 -13150 4968 -18 66316 14807 14146 68393 739 -21183 23722 1377 50796 16317 92370 44131 17898 22830 19647 117506 12077 46131 -87458 20591 142 144872 12968 -16301 -12843 5365 -2309 5542 -100679 67611 26771 -9305 3960 9504 10724 1415 -32068 -26911 -293 8158 -1160 32128 22611 62323 -58264 -72307 25924 66821 -33385 9173 16515 160285 20901 -910 
-20342 -24970 2205 5062 -2154 -417 -16206 7240 -365 -19879 -2671 7926 13179 -2225 -15391 -5018 -24128 -9475 -3060 -2636 9362 -28768 -3463 -9410 45388 -3399 -1107 -34365 10187 10521 9126 -3217 723 -3334 55837 -14250 -5974 5193 -45 -748 -504 -270 14264 16219 -1095 -210 -1974 -6925 -2105 -12748 32346 42701 -7247 -16827 17470 -2272 10378 -39469 -4826 -1711 
-28120 -27045 4541 9308 3682 186 -17210 -33401 -1537 -20243 -698 10558 -46918 3101 -15484 -6417 -24972 -11676 -6407 -3066 -41236 -32201 -1483 -14024 61569 -9904 -1854 -39310 -32626 5578 13204 -2609 -933 -2438 54728 -16562 -12687 2460 -7150 -4065 -6285 -3229 20635 13659 2548 -1529 -286 -10277 -17740 -19263 30378 37564 -11732 -14724 24384 -100 -30597 -43939 -2766 2499 
-88338 -87979 -1806 12377 -2269 -1646 -58185 -1794 -10325 -66680 1072 19870 -3722 1648 -46756 -14125 -83768 -37886 -19223 -20101 -927 -107405 -6659 -37748 82809 -19853 934 -130948 -381 14170 13454 -6710 544 -3802 95574 -65421 -22677 12879 -1619 -6247 -14211 922 29117 25397 -2138 -9091 -2212 -27636 -19635 -59132 58330 74085 -18556 -62655 32448 -12105 -3298 -145321 -18007 1702 
-84854 -82518 -3798 13829 -1162 1811 -55707 -9569 -9364 -61784 2388 20276 -16436 -620 -44906 -17804 -79934 -38323 -17028 -18589 -11764 -99496 -9865 -38983 84711 -22899 2504 -123730 -9282 10408 12586 -7666 2087 -3214 89177 -60784 -18398 11387 -4253 -5912 -12136 -3525 27389 24666 -3358 -6354 -1057 -23380 -18008 -54740 53581 67374 -23736 -59928 34699 -10764 -13709 -135632 -17490 -779 
-8108 -8392 -2271 3873 -486 1487 -5863 -1517 -1229 -5467 984 7871 -3505 488 -3570 -1309 -5537 -2869 -5894 -2222 -4984 -11696 -1486 -2481 51764 -2138 -1503 -11115 -1907 13001 6074 -436 746 673 56243 -7353 -2632 5883 -884 -3877 1599 -204 18764 11616 -2996 -4158 1510 878 -1849 -8028 36305 42883 -2655 -6687 22594 -1005 -2373 -14661 -3463 -1063 
8734 10156 -1128 195 2327 -2923 9504 -6519 3043 7016 3064 4419 -16499 528 7042 -1146 9713 5072 2992 722 -12318 11871 1911 6612 10763 599 -1641 16360 -11596 1940 3167 598 -1152 -1486 4348 5689 3121 3132 -2360 1336 2828 556 2368 1389 -2709 -119 2192 1062 -2579 8870 4723 2905 682 9085 6401 432 -7373 16038 4052 -1058 
-118920 -121783 -2462 17397 -1999 -2227 -74911 -42849 -12364 -88430 498 30762 -61509 -1404 -66301 -24760 -118255 -50951 -23666 -27171 -49709 -143482 -11702 -51997 136864 -32729 -1014 -174117 -42015 22661 23035 -5749 126 -4101 143415 -84655 -35710 15366 -9939 -11539 -17504 -4182 46516 38175 -3913 -8366 -1274 -38290 -39500 -77617 77731 99720 -30934 -84671 55728 -9749 -38948 -192579 -20701 1779 
-58032 -56794 -1024 6036 1748 -1003 -34401 -23330 -7738 -39632 1599 10394 -29681 -410 -32312 -12555 -53161 -26803 -12621 -8997 -25273 -66352 -8505 -27046 48060 -13849 2351 -81985 -21606 4924 8788 -3035 -434 -3248 50356 -41274 -15915 3425 -1946 -9105 -8196 547 15431 10498 -35 -5850 2164 -18924 -15465 -33084 29850 33609 -13514 -36721 17395 -6353 -22573 -86558 -11301 108 
16894 19463 1693 -7257 1869 2094 9011 -420 2814 14291 -1240 -12912 -6561 1477 10301 -16 17517 10317 2992 6076 -6581 22844 -687 9478 -60909 877 -3040 23770 -1530 -8252 -8583 2538 1048 2148 -70464 13476 2499 -10033 1975 2502 1797 560 -20588 -15532 -2373 1800 -374 5272 3410 8647 -39977 -50263 3623 10755 -25604 1006 -3203 27498 2055 1628 
25735 26021 2331 -10248 -3487 -543 15607 6535 1854 16847 -1261 -20332 9683 128 13745 7172 24995 10370 2736 4554 9562 31519 316 10145 -98171 4932 -886 35041 8599 -16619 -18836 1916 -945 3734 -107143 16595 5014 -10791 3783 1878 2947 -2187 -36591 -25002 -150 -277 1576 4473 10313 12936 -61606 -72675 4504 13859 -38101 524 8222 38534 4130 2314 
-52893 -48798 -100 14004 400 -1213 -33425 -9682 -8023 -38711 -1853 15849 -17775 -568 -27827 -6971 -47930 -21441 -12858 -11904 -15229 -63698 -7363 -20035 88769 -12463 -563 -74140 -13511 12088 16830 -1252 246 -554 97525 -36052 -16612 8749 -4288 -2923 -6192 -2068 30230 24231 2421 -6722 1837 -10751 -13419 -30305 54341 68186 -12163 -36433 33438 -5507 -10243 -81984 -11555 -794 
176762 173643 29 -21002 3604 1683 115239 38632 23171 128695 619 -34305 57321 -1055 93895 33239 170151 79227 34935 38086 48277 216382 19921 81045 -148416 44953 377 255378 35519 -21345 -28028 11300 982 4335 -166598 119366 47234 -16785 5969 17661 24623 5528 -51368 -46524 3494 18455 2240 50310 48527 112808 -92460 -116779 49845 120511 -61326 16838 36019 283676 37169 -2445 
-47216 -48921 -4229 4150 -2403 -2418 -29818 14457 -6309 -32732 3192 10668 19280 -519 -28857 -8224 -47341 -17873 -10788 -11877 13332 -58786 -6120 -18226 47241 -10281 2001 -71023 12263 9869 8590 -4595 -1422 320 53034 -35824 -6023 9112 3035 2189 -7005 2116 14797 16163 696 95 494 -13247 -5039 -31020 29763 41323 -12840 -31273 18013 -9125 10952 -78753 -9931 3269 
10872 13993 3497 1223 950 1917 7847 -47 -338 10549 330 -2017 -533 1575 7205 1389 10541 6060 680 6165 -3587 18183 399 6151 -4525 4436 853 20212 -2067 -1156 -1773 3170 -600 3227 -5186 9482 3310 -762 -2585 3415 2473 1499 -2220 -3897 -2161 2983 1255 5681 -17 10975 -4350 -3507 6104 11777 -1594 4130 508 19130 362 919 
-4465 -5392 3469 5106 -791 2240 -4323 -20677 -74 -4153 80 8846 -27832 -2155 -2632 -3873 -6021 -352 -3632 -2228 -18437 -7889 -1394 -4233 39640 -5010 -1691 -6683 -16879 2150 8383 524 2214 -579 35907 -3313 -2022 3806 -1162 -5438 1204 -3530 11532 11143 1922 2355 -2561 -834 -4606 -1185 22826 25886 -3816 -3445 18026 3460 -18374 -11398 649 2441 
-2355 -2361 1489 959 -935 -1000 -4974 -11986 -3239 -5006 -791 5867 -13470 1610 -4873 -1040 -3783 107 743 -521 -15455 -2353 -3614 -2411 15171 -362 -2570 -4762 -12406 799 5321 2190 217 2431 14576 -5238 -1857 -1848 -1228 308 1115 -2752 5681 5331 -1909 798 1068 -3222 -896 -2274 5499 7761 -4905 -478 5294 2427 -12731 -6977 1150 -2094 
14769 14158 2713 -2050 -135 -1337 7906 -6015 -1200 13379 -2124 -2871 -5546 1167 10257 4798 12179 5939 474 1843 -7039 19708 -856 9297 -15276 2138 -2972 21504 -4277 -4024 165 785 -2783 -374 -21682 11242 954 -1190 627 -1701 4944 -1841 -7999 -6193 990 -1927 2811 1037 4840 9027 -10505 -14069 5336 9748 -5540 733 -611 27123 4478 -587 
55342 57709 306 -8681 -938 -2819 38726 6260 7613 42139 835 -8134 10373 41 34222 14334 54615 27054 8372 15392 11553 73595 3388 27115 -45598 12033 2732 87142 8927 -7114 -9765 764 2931 1719 -47201 42391 11954 -3242 619 1918 6342 904 -15629 -16047 1433 5910 1248 17338 13658 38046 -25566 -34861 12013 43318 -14820 6301 7054 95175 10187 -1662 
66722 67256 -2135 -11633 3719 -2234 45182 23937 5370 46036 -2742 -16518 39437 -2632 33911 14352 63117 30326 13229 13543 29238 83937 3960 30662 -90197 18665 -1864 95971 27218 -13829 -14459 2774 950 336 -88780 47816 18530 -8875 3896 5111 6872 182 -31819 -20922 -526 5365 -1425 19928 22694 42924 -52760 -65810 16024 48621 -35692 5966 22766 109735 13802 2034 
-33398 -32427 3506 9204 263 557 -23761 -14917 -748 -24656 1486 13006 -23747 1697 -19459 -6429 -31852 -12089 -3535 -7361 -20774 -43096 -4857 -12074 49303 -9403 1624 -45714 -18957 9448 6248 621 -2728 -3604 53580 -18961 -11754 2453 -696 -2756 -7391 451 18245 10191 1887 -4958 2291 -11111 -9730 -22445 28307 33292 -9881 -21376 23553 -1117 -18509 -53548 -8694 -1577 
-4381 -10229 537 -5591 -3227 -920 -7195 1200 -5152 -9160 2722 -9370 5699 2429 -2575 -3631 -4372 -2504 18 -3081 6112 -7142 -3390 -3351 -41320 -2662 414 -15704 3500 -5881 -6259 -1600 -752 -1629 -42119 -5726 -4021 -1060 987 -4319 1038 -1386 -12080 -9469 1130 -4656 2415 -4149 -3725 -2814 -20523 -27517 1738 -5413 -18386 -45 2849 -12924 -1975 -2745 
-3344 1152 2490 4717 1408 2514 -2963 -20845 2422 -300 1409 11625 -30836 2357 244 -2803 -3968 1659 2165 2110 -26771 -5602 33 -1158 52940 -1599 -829 -2678 -21233 5454 6528 -1364 -1885 696 47619 1030 -3105 3139 -5574 -3448 -2267 -2249 17723 12517 266 -3076 1680 -2848 -4012 -1398 27306 34502 -5316 -972 24656 4394 -21479 -2098 3704 979 
-64987 -66574 -236 7629 -5481 143 -43356 -15504 -10641 -45881 3365 9743 -20681 -1611 -33236 -12606 -62316 -31320 -11523 -10495 -16509 -79735 -7819 -32703 47266 -15395 2835 -94769 -15810 7316 9891 -1213 637 -2272 50742 -45711 -15283 5904 -3793 -6283 -7154 -362 18522 13284 -94 -8841 1667 -17270 -19884 -41217 30708 39552 -19417 -42639 20957 -4471 -14964 -105177 -12714 -1522 
14684 20615 2209 -844 -669 2657 11689 -8320 2722 10642 2119 -1857 -18604 450 8979 3563 13944 7320 5422 2515 -16700 21797 2231 6355 -9304 4643 -2001 26196 -14127 -1333 -4216 433 -2654 -1032 -10862 14820 777 -4693 -2306 -1319 498 -118 -4884 -2090 1229 -632 -79 3121 967 9178 -6571 -7981 1546 11146 -4000 2255 -11147 28345 6435 -365 
28299 28082 4617 3735 5539 -528 19184 -19070 6303 24125 1205 2069 -25517 -2642 18322 4173 27021 14524 9588 9550 -22786 32175 4599 11264 22338 2178 -2666 43505 -16444 2789 3651 3313 -1972 -1395 8253 23870 7500 -3079 -1499 2468 3509 -2499 6676 1753 2559 5502 2431 10293 3554 21123 7355 2454 3180 18860 5672 8636 -20091 47696 8938 -2466 
-4308 -7095 -3630 -2584 -1812 80 -4232 21543 -4501 -6752 2256 -1914 35046 271 -2365 -2574 -6933 347 1831 58 30352 -3535 149 -230 -14091 -158 1235 -4973 23680 -1128 -3127 1610 272 248 -8573 -6003 4051 -949 3425 5342 -2650 1752 -6207 -2980 -2287 1404 2927 -4817 5161 -6634 -2144 -4140 2049 -3884 -6368 -2055 21802 -5952 -3040 929 
30986 32102 -3792 7556 -3890 -556 25043 13441 -9849 24471 -900 10918 22575 -1877 21244 9054 34526 14067 8222 8767 14892 42215 -862 12171 39866 10319 2456 49322 14317 1719 8356 74 -2566 -1050 42389 21141 10451 1264 3786 -1031 2123 3421 16000 13524 -461 -593 -2940 11291 6091 21735 22919 32350 8967 23297 16721 1240 13220 51957 -13937 -951 
-5244 -3229 2279 3019 -1189 -2266 -5312 300 -5906 -1593 -1616 7068 790 1491 -2949 -2432 -2862 -795 -1519 -2996 4540 -3603 -3069 -3797 25302 -1534 439 -6928 1699 -243 1447 -1773 -1209 -2555 24143 -4108 -2657 -307 1372 48 2450 2869 8734 3928 2429 -4995 -2579 -662 -3353 -3215 10998 18049 -2635 -2060 9308 -2103 2872 -9755 -12316 -1834 
35453 27809 -176 3007 -2074 -607 19053 9343 7297 20148 2003 6385 10902 1572 16945 8649 31933 10034 4379 6346 8729 40511 2098 15303 13307 14502 -321 46631 12839 1375 1375 7027 2310 -354 9452 16966 9249 3976 3068 4552 3133 1109 6857 1059 -1901 5147 1606 7652 10485 18081 8434 3755 14749 20007 6935 2619 13619 49110 5270 -2047 
-22888 -21080 -665 -320 1581 -130 -12761 -2270 -2091 -17604 92 -4334 -1893 2667 -9106 -4513 -21107 -8780 -2259 -2085 -3011 -26814 -2149 -12533 -6861 -3521 -2763 -28509 -3166 -4815 -3727 -3758 -2492 -687 -9160 -17299 -8479 1052 -120 351 -6097 -501 -1512 -4897 431 -219 -3079 -5325 -4031 -11799 -7257 -3257 -8165 -17516 -4416 -1365 -3216 -35819 -8293 -2007 
-23512 -25549 364 -3935 3905 1669 -17163 -9378 3622 -19000 2949 -5363 -17163 2374 -13086 -8644 -25810 -9328 -5243 -7619 -12197 -33692 2507 -11911 -37308 -8157 617 -39708 -12266 -5059 -4427 -4559 -2599 -3424 -26191 -17122 -9329 -3526 -3594 -4655 -5817 1093 -7898 -6795 1076 -2442 -241 -7720 -11653 -18237 -17340 -14741 -12236 -19194 -16839 -2417 -10688 -39767 3069 -24 
-51149 -53155 -3877 8190 -4545 1011 -32750 -5239 -23440 -37404 1404 12880 -1621 2566 -29546 -7383 -54150 -19955 -12150 -10149 -6914 -62478 -18450 -21397 77230 -8771 550 -76020 -1811 2595 11505 -6731 2164 -6981 71333 -39606 -13756 -1553 901 -8745 -5352 -2556 22081 15977 439 -12206 -997 -15706 -11003 -36296 40062 46898 -9271 -37943 31932 -10359 -3271 -87986 -44939 -2552 
-28392 -30820 -3148 9598 -8384 -1214 -19112 1098 -22218 -23669 2970 13102 -2128 -1332 -15968 -3088 -30311 -16649 -3650 -5344 -1642 -39289 -11051 -12490 62202 -7965 1176 -48242 -1606 5319 10845 -3678 -2986 -2967 64033 -22786 -8610 -526 -1436 -6683 -4533 830 18581 16334 -1268 -6786 -3923 -6199 -6822 -22566 33168 41405 -8282 -22150 22091 -1888 190 -53480 -35196 -645 
-8696 -5884 -77 1024 -1068 -751 -2576 -7195 -8634 -5062 -1047 1023 -2931 -2438 -626 -3620 -6939 274 -3133 1047 -5050 -7060 -2253 -971 6844 -958 2190 -4902 -6743 -752 313 -1920 -1245 -411 12476 -3250 -642 1227 1707 -4086 -272 -2037 -272 4910 1578 932 -1107 -264 -5148 218 6214 11598 -5851 -2926 2018 -3716 -5356 -4162 -8812 -501 
6177 7537 1151 3808 -2379 2298 2428 -1131 -9998 3976 -999 6638 4730 2438 2350 1023 7168 3475 339 -833 1922 6894 -5148 137 23312 -1151 -2324 7624 2453 3179 3224 -2469 911 -4546 30827 4073 3426 -1005 3181 -3310 2399 1761 10529 6671 2954 -163 1710 286 -2523 5679 16272 19948 2367 2623 7689 -1922 -264 9765 -18082 1679 
-25777 -26180 1150 -8403 1559 -193 -19572 -6967 8230 -17314 263 -11255 -14571 2814 -12977 -1197 -23216 -9419 -3277 -4770 -6359 -30968 7815 -10311 -42983 -7517 -2751 -40075 -3523 -1320 -8363 1812 -2500 1573 -45130 -19256 -7231 -4283 -3836 -1219 -4830 -2220 -16836 -8522 -2673 4020 4278 -6846 -2624 -15684 -24831 -32639 -2691 -18526 -15645 2236 -7186 -45825 13766 -565 
-43292 -41878 98 -955 1954 -322 -28905 -9188 -3044 -26291 1767 -657 -12715 1197 -20993 -9682 -40601 -16901 -8185 -10919 -14183 -52005 -3685 -15362 -13205 -13647 2612 -57429 -10845 -146 393 -5745 -917 -596 -13279 -30188 -8857 -1343 -168 -3071 -2904 -719 -4247 -2515 1977 -810 789 -12845 -12650 -25652 -7660 -10586 -15368 -27379 -2532 -3035 -14997 -62902 -2415 1274 
-14842 -18143 -248 -873 2211 -2855 -12095 -7840 -5543 -11067 859 360 -4815 -1047 -12937 -3419 -14158 -7838 -5340 -1332 -4884 -19261 -2017 -7362 5944 -3468 -1244 -26649 -3788 1437 1632 -70 -207 -1882 7257 -13220 -4866 2319 1638 -5280 -1097 1484 604 1011 -2605 -694 -3179 -6368 -6257 -13595 4509 3553 -5718 -10607 3233 -3715 -6618 -29802 -6518 -2417 
38623 34631 -3018 -2343 221 2598 24157 7412 9633 24612 -500 1128 9322 -2820 19032 9383 34313 17124 8058 3738 13559 41780 8545 17598 -2745 12600 1131 49019 8339 1590 -2464 7018 -2463 4655 -12575 20626 11241 1613 492 6202 5553 1942 -2875 -3721 -1092 4191 3921 6981 11768 24868 -7295 -9971 16677 20152 -5208 1776 13651 54893 21037 2152 
31404 30931 -1535 2708 -547 2846 18341 5579 -808 19255 -1293 3564 13759 -523 15015 9393 29686 13033 3958 7360 9100 37180 -2259 13799 18258 10113 1395 40946 10422 -745 733 -397 2600 10 19759 22378 5418 571 3062 198 3124 1069 3828 5382 784 1243 442 10714 5833 19282 9616 14882 11608 19870 9891 166 8883 46682 -5347 467 
31064 30510 2261 -5070 6266 625 21137 -2213 19465 25285 -1390 -10389 -4485 -277 15259 3689 27692 13533 9068 8473 2891 40054 10767 15665 -38005 9003 668 46457 -399 -670 -4643 3710 3005 1195 -32824 18100 5036 3119 1957 6988 6500 3079 -11270 -6584 186 6863 1665 11258 10862 21753 -20921 -24551 4719 22655 -17563 5854 -1008 47021 30943 -1651 
65740 65349 1702 3366 599 -1042 43494 9005 4791 47675 1672 -748 14011 1339 32357 15196 59491 27923 14738 11274 12667 80071 5562 28843 5881 14399 -2783 92989 11146 4084 2263 3991 2220 3739 11378 43259 18764 3227 1813 5973 8600 -956 3579 1497 1557 4475 1304 15890 18340 39758 9687 8151 21967 43053 3611 7510 12145 104681 12527 -1871 
25839 22688 0 6002 661 1879 12893 7086 -7798 15000 806 6801 13826 1612 11717 2113 25649 10268 3018 2823 8236 27167 -3239 12683 30735 3907 -2230 33505 5563 3436 2608 3723 -1586 1924 34375 19210 2741 3960 3830 -2663 5546 -791 12767 6482 1365 -1896 -1426 4611 4778 17656 17470 22379 7653 17591 10456 -284 5653 35926 -10470 1509 
22438 22068 1062 9438 -3191 -2004 12569 8726 -11321 16921 1970 10496 17537 1648 8407 6214 19952 6779 1151 3400 13335 28335 -4708 10756 51922 8251 -157 30599 15597 4184 9241 -914 -1370 -3454 48722 13546 3780 -1473 -242 -4152 1449 -33 16454 14288 280 -3923 1974 6321 6253 12906 28220 38390 12046 14073 20126 -587 12894 33193 -18116 670 
62798 63299 -1848 7692 -2738 -3086 41360 17693 -12080 47488 -2348 11397 30181 1452 34206 14004 57736 30145 13402 10387 21897 76940 -5884 29215 52919 15814 -1171 91257 13697 6895 9478 747 1311 -930 62848 41347 15052 104 7246 -981 8673 1615 20077 17308 -742 -1775 -4518 16977 16087 40596 34839 45171 18560 44648 21545 6521 17065 101852 -22144 2616 
-2077 -5704 1259 -2791 -3213 -1254 -4724 2908 -1802 -5425 -1518 959 1645 -2860 29 95 -2498 1100 -2314 -2606 -2337 -1664 -2355 -1078 -5153 2120 -1294 -5496 1037 -917 585 -248 -2883 -1778 -6062 -5139 1268 1063 2495 2124 883 -923 247 161 212 -833 1574 1608 -2638 -5063 -3816 -4578 -2882 -653 -4223 1598 1656 -7767 -2655 2165 
12678 6625 -1208 -675 3338 -389 7618 753 5893 7054 2663 1013 7610 -1370 4776 4364 7468 1596 4091 -417 8193 13499 4338 2599 11586 3970 -2930 12660 3340 1256 3004 2722 1024 2896 9548 6223 1753 1754 2024 3238 -1571 2609 5463 2615 -2356 4841 -1513 -220 2408 4114 1920 3716 3238 4938 6941 1163 5053 18015 6636 2223 
6605 9592 -1235 6983 -2864 -1823 6779 6026 -10606 9584 2175 4806 6663 1473 7451 -2340 7988 6408 -763 1818 1393 13085 -8432 1059 32450 -2418 1889 11925 2950 694 7217 -2873 518 -5486 32490 4935 1690 -138 2590 -3331 1773 359 12185 10523 198 -3183 -124 1285 -3454 9254 18022 22754 1933 5790 12193 -1528 596 18046 -21424 -1124 
-17661 -15612 301 -1293 831 2543 -12524 -5660 -6852 -12697 1964 -261 -3100 1847 -12358 -5195 -14204 -8697 -3112 -5477 -5473 -21639 -3524 -7778 4622 -6627 1797 -27906 -3080 1813 -1750 -4369 2200 -1024 9815 -9788 -5715 -3179 1927 -254 -814 -2392 3748 -214 896 -5958 -810 -4623 -9604 -11059 6169 8519 -7197 -13116 1254 -742 -4282 -25239 -12384 -256 
51486 49307 86 4201 -2472 181 31937 12410 1778 35317 690 7022 23160 -3096 31031 14001 52733 22391 7237 10117 20549 65083 6098 21100 27890 17535 856 74018 14488 1753 4304 7002 -54 4725 21376 34841 11421 -827 -373 1606 7758 2704 6102 9122 -3212 5768 -836 14726 19017 31138 13585 19080 16083 36818 12200 5547 13702 86146 7021 1454 
20449 25289 1564 -5447 6928 2640 19122 -2652 11104 19980 -1930 -4493 30 1892 14796 1223 24656 11297 3675 7501 -234 32929 6785 10697 -31940 1517 2785 36625 1626 -2890 -7458 166 -1046 1428 -34591 16541 8977 985 -34 3743 2626 -1032 -10319 -9245 -1118 7079 1199 9101 3031 15409 -16539 -19690 -33 17264 -16133 6087 2016 44739 21324 2167 
8414 11083 -1554 5839 -1086 2145 4430 1745 -14106 3507 -866 8672 5382 -249 3634 2553 4995 5491 -910 2251 -1992 8592 -12406 5259 43828 239 856 13878 -2526 1377 7825 -1721 2360 -4963 56593 5409 2402 4254 2123 -5561 2635 -3643 18825 11134 -3030 -1986 1226 6029 -2990 5886 33209 41069 1880 8492 17962 -326 -2464 10077 -24096 -1528 
-24287 -20493 167 -10501 4866 -411 -14406 -11101 6133 -15721 2930 -9153 -19283 1793 -14532 -10820 -22837 -13010 -4822 -7813 -14570 -31560 3113 -8071 -59781 -12065 -3013 -32437 -13851 -3930 -13315 406 1414 319 -54954 -16100 -5603 -589 -4246 318 -1449 -777 -21374 -15121 1306 1984 780 -6309 -11211 -17509 -30244 -35945 -12661 -13216 -23766 -1557 -15141 -41176 10315 626 
-68379 -64869 1546 1185 2213 -1288 -43619 -12349 -4912 -47627 -20 319 -20031 -1900 -37848 -12011 -61329 -26758 -12108 -16196 -18905 -80990 -8219 -31236 2261 -19323 1686 -96569 -15448 -2317 2915 -5593 2138 -2159 -7656 -41871 -15327 1463 -1466 -6979 -7442 -2901 -3115 -3979 1155 -6768 -3187 -18993 -19793 -43800 -2928 -6533 -23198 -45492 1410 -8421 -11824 -102214 -11967 132 
70650 69516 4639 -3461 4616 1990 47937 10397 12345 50162 -3152 -7951 10574 2127 38156 12966 68811 32125 15765 13914 11150 82848 11084 32839 -44807 14102 2608 104326 11697 -173 -5766 4480 657 -617 -32476 50725 17175 -1390 -710 9327 11399 2672 -14513 -8622 1201 9819 -24 18751 14465 47182 -14466 -22850 11953 49152 -20839 5756 9068 113490 18564 -2885 
30964 31503 2495 1260 -2370 2848 17733 7095 -5336 23439 2463 5308 9747 -1753 16778 5075 31422 15523 5887 5062 5349 37576 -2540 16313 8495 6779 1431 42940 5363 2270 -216 2646 -2782 -2478 15365 21137 10661 871 -137 -140 1166 8 3387 4439 699 2047 587 6700 8459 17490 11726 14146 5870 18524 3163 -230 7245 46490 -2220 81 
-37853 -37104 93 -319 -421 1165 -21856 -7692 -14845 -27078 -464 -2627 -9380 2211 -20083 -10471 -33911 -17490 -5012 -7525 -13018 -40922 -12078 -17319 2229 -9333 2263 -53425 -8586 -1038 2070 -5185 2168 -5273 6881 -21193 -6374 705 1762 -2801 -2973 -4175 3343 1138 -2138 -3610 -1762 -13890 -10931 -21985 3437 6556 -16411 -26216 -1022 -5404 -11534 -56590 -24985 1129 
-34915 -33145 2603 243 1126 -1222 -24550 -8132 -10219 -27469 2280 2126 -11452 2536 -17170 -4312 -37648 -14481 -8171 -9649 -8495 -47337 -5407 -15756 13504 -6510 697 -54690 -9106 2228 1922 -2249 -916 -4352 21444 -26679 -10637 -530 -1628 -6278 -5112 910 8358 4863 -188 -3334 1542 -10033 -8094 -25374 10367 13790 -13373 -23276 3346 -6315 -8329 -59491 -20076 -1671 
-44985 -46720 -3827 6304 -2357 -968 -30051 -3326 -14619 -34437 1961 6930 -2099 -1115 -26475 -3580 -45407 -18908 -12585 -11180 -6137 -60775 -10902 -21128 29827 -6792 1623 -72420 -3278 -81 7549 -1462 1702 -2872 24021 -36272 -13992 1533 -2524 -3468 -4420 -2779 13021 4880 -3826 -7756 2113 -16093 -5684 -34066 12627 14482 -7087 -33211 11343 -5526 410 -80440 -19943 2800 
-68151 -71056 234 4666 -6524 2444 -46496 -9088 -9407 -54725 933 2218 -12321 2553 -37299 -13470 -70400 -34615 -13078 -18194 -7368 -87502 -5756 -36097 30715 -11202 -474 -106541 -3814 -1975 8151 -3791 2314 -3543 12299 -51423 -17591 1887 -50 -7529 -10719 1341 6532 1134 -958 -10363 -3195 -22129 -11398 -49738 7065 5083 -12117 -52933 10574 -9414 -3837 -121987 -18039 2527 
31638 27582 3389 -6014 5231 -2844 19821 -2656 4958 19332 -1685 -5549 -4150 1402 18510 3444 28927 10897 7432 8150 3132 36270 1536 14869 -28209 3070 -2591 45678 -2853 162 -4465 -1898 206 -70 -13545 21522 9863 459 -3037 3267 2367 -911 -5936 -77 2878 4878 14 10978 1344 16830 -6133 -7910 3214 23751 -11921 1261 -1938 51925 8181 -1453 
117208 112678 -1682 243 3069 -1489 74003 27635 14726 80378 2422 3528 34470 -1651 59946 27604 112549 48649 20771 22194 33017 142294 12807 48271 7214 33224 240 167083 27236 2327 2527 7780 286 5486 9797 81129 30060 3058 6484 11506 16089 2794 1455 2084 978 10957 4832 31839 37310 74652 4557 6894 35113 77863 2105 12441 28382 184679 25499 -434 
-35241 -33075 3566 -5170 4976 -2834 -19070 -9738 8703 -25350 1694 -8091 -17162 -1652 -19312 -6798 -33342 -14185 -8467 -5397 -12263 -40671 6741 -16297 -39112 -7331 -633 -47145 -10117 840 -5928 -4961 -1627 -1526 -36919 -22250 -6866 -1439 -5480 2237 -5897 -1293 -11088 -14322 -1113 3338 2458 -8955 -11129 -18841 -23182 -28931 -9191 -23745 -17458 677 -13484 -52681 16415 -1820 
6961 7792 -625 1449 -3953 -352 7172 5976 153 6473 -1809 1924 4981 -2759 6001 1199 6714 684 4272 2597 4629 10220 979 6870 8734 3884 2923 11074 5928 2731 -445 3293 1567 2522 12837 3369 -1042 2287 -324 2578 2505 2392 4862 2177 1025 2050 318 3363 -296 5080 9587 10883 439 3058 618 -2987 3655 11747 -1035 -2934 
19685 24451 -1767 6062 -3277 -2621 12545 1490 -6561 18463 -1142 8425 6627 -1295 13894 3100 24250 12444 7203 4079 5294 30599 -5757 8197 29922 5795 -1971 35032 5254 2989 7488 1768 -2611 -2546 31188 16744 5433 -18 4070 2129 3322 3082 7546 8505 1326 361 1670 7944 5977 13164 18021 20286 3653 19019 12182 2746 2493 37814 -12401 706 
6720 9547 1166 -1182 283 -2346 5048 -1276 -6136 8580 1474 3788 3036 571 2237 136 8221 980 -807 532 152 11747 -3012 4203 11361 3875 662 10452 3622 -9 3701 108 48 -2555 20171 8653 -680 25 2035 -558 3393 -1585 7125 3474 2786 795 -3082 2912 2980 3852 11429 16932 2041 7403 5725 564 3808 15470 -6246 1706 
-1707 2381 226 3878 -2101 -2331 1782 6077 -5523 1213 631 2673 2962 919 781 -1398 -2362 2277 1595 -3089 3612 -1457 379 172 18222 1672 -2311 3330 5617 -814 799 1353 -2251 -3482 13452 -360 2029 -2190 2426 633 3175 -2472 4744 2727 1841 -3511 2266 698 525 2784 8470 10895 3950 1332 7001 355 2885 73 -8981 1005 
41861 42728 -297 -1078 3095 890 28255 9814 1771 30309 -1874 2857 18336 610 21980 10765 38743 19422 6653 8722 12778 51795 6323 17452 8711 10593 0 59956 12861 73 3852 3087 -1997 2589 17327 28762 12373 -2254 1968 4078 8253 334 5060 7317 -2981 2712 2737 11694 10792 28314 8275 9831 13191 27037 2293 3177 15274 66261 9398 -1858 
15818 14724 750 453 2987 333 5803 5539 9735 7388 1570 -3998 3034 175 5669 3234 11096 3333 940 2973 4910 16667 7866 4859 -7656 4326 3012 20597 6183 588 -4192 3095 -2568 4830 -8517 11616 517 463 1768 1243 2469 1520 -5436 -3941 1794 3520 2396 615 8700 6850 -6708 -3194 9688 10846 -5142 4682 6750 17849 13257 -3226 
5890 3013 -2586 -1137 -1252 2976 3766 1288 -6135 6010 -2205 4658 -1138 2534 2060 -1112 3971 4375 687 4344 1288 8561 -732 1636 16034 -2533 -2969 4003 1721 -290 -358 1927 -1995 -2888 19870 4861 -193 -829 2650 -682 1664 279 2734 6414 -1382 -1164 222 4612 -3350 3796 9129 13124 626 4669 7343 1429 -3828 7115 -5537 -941 
-21173 -23198 24 -1184 1275 2386 -12829 -2246 83 -16379 575 -4104 -5274 -954 -12682 -4218 -23495 -9179 -7007 -4582 -4652 -22932 1529 -10347 -22183 -3807 -606 -30392 -1725 -3422 -1471 -510 2925 1754 -32265 -17998 -5607 -489 -2976 -3549 -924 2436 -8930 -6956 -3077 1007 -98 -5788 -5159 -15460 -15900 -20408 -538 -15476 -12613 -682 -3856 -34854 1160 -440 
38932 39049 1414 3956 717 -1194 23743 8780 -5220 28973 162 3035 15658 -1872 18534 7198 37901 15226 8144 11177 12802 44776 -3087 17505 24384 5289 -1373 56467 7669 2621 3269 2998 -2432 -1669 30955 29458 11567 1863 1935 716 3276 1767 6499 10471 -2768 601 -3697 11252 6934 27893 20673 25708 8110 26667 9499 3515 8488 59086 -11626 2103 
-47175 -45872 1436 1157 -4426 2682 -32150 -6404 -8516 -31288 1337 521 -14019 2245 -23971 -8853 -44298 -22830 -8076 -8736 -9476 -57005 -3898 -19000 -11703 -10694 2528 -66429 -10968 -5494 -3921 -1235 1525 -2691 -14490 -32784 -10241 -215 -417 -5700 -6300 -1692 -4828 -5041 -1454 -7365 -3737 -15343 -14434 -27508 -5511 -12553 -13559 -30823 -4650 -2319 -9637 -73671 -14564 -2893 
16414 13450 1642 6107 -3805 -620 10228 6212 -7176 14445 330 6802 11233 776 6707 2920 17645 4538 1597 2314 9566 22017 -6009 4110 26999 6778 -2396 21619 6624 2650 3526 1017 261 -1621 33608 14058 1305 959 3517 -2493 2027 1073 8494 11807 -2778 1428 -1820 4686 4485 10524 17232 25874 5865 10883 10528 2527 5423 27467 -12627 1168 
50440 49425 -1280 4352 -4349 -959 35291 14073 -9699 34433 -2662 12441 17930 1287 25884 6464 50393 20472 11443 12733 14483 56905 -5146 20603 49090 13734 -2242 73923 11428 6376 10511 1392 -1088 -358 48039 32737 11725 2416 6143 1612 9193 -575 12426 16059 932 -505 -3043 17791 11806 35103 29750 35463 9606 33648 20573 1512 12255 79536 -11827 691 
-24701 -20814 3704 -2127 780 2726 -17446 -4796 11556 -14398 -1762 -9455 -12292 2059 -14626 -3592 -19127 -9165 -6328 -4746 -5886 -30546 5443 -8007 -37924 -5246 -319 -34420 -8720 -3381 -7330 -3373 1667 -1175 -47355 -14852 -2892 1367 -1390 562 -1985 1735 -12682 -10797 2997 -265 -399 -6637 -7902 -13292 -28954 -35882 -9343 -16922 -13131 -1956 -6858 -36591 19693 -1056 
